0 ~Technic Gear 28 Tooth Double Bevel Tooth
0 Name: s\46372s02.dat
0 Author: Philippe Hurbain [Philo]
0 !LDRAW_ORG Unofficial_Subpart
0 !LICENSE Redistributable under CCAL version 2.0 : see CAreadme.txt

0 BFC CERTIFY CCW

2 24 1.028 10 29.950001 0 10 34.231998
2 24 -1.0293 10 29.9508 0 10 34.231998
2 24 0 8 36.287998 0 10 34.231998
2 24 0 8 36.287998 -1.028 6 36.287998
2 24 0 8 36.287998 1.028 6 36.287998
1 16 0 0 36.802 0.8531 0 0 0 0 4 0 -1 0 rect.dat
1 16 0 5 36.288 -1.028 0 0 0 0 -1 0 -1 0 rect3.dat
3 16 0 10 34.231998 1.028 10 29.950001 -1.0293 10 29.9508
3 16 -1.028 6 36.287998 1.028 6 36.287998 0 8 36.287998
3 16 0 10 34.231998 -1.0293 10 29.9508 -1.028 6 36.287998
3 16 0 10 34.231998 -1.028 6 36.287998 0 8 36.287998
3 16 1.028 6 36.287998 1.028 10 29.950001 0 10 34.231998
3 16 0 8 36.287998 1.028 6 36.287998 0 10 34.231998
4 16 -1.028 4 36.287998 -0.8531 4 36.801998 0.8531 4 36.801998 1.028 4 36.287998
3 16 -1.028 4 36.287998 -1.028 6 36.287998 -2.056 4 33.203999
3 16 -2.056 4 33.203999 -1.028 6 36.287998 -1.0293 10 29.9508
3 16 -1.0293 10 29.9508 -2.0562 4 31.353901 -2.056 4 33.203999
3 16 -2.0561 4 29.950199 -2.0562 4 31.353901 -1.0293 10 29.9508
3 16 1.028 10 29.950001 2.0559 4 31.3542 2.056 4 29.950001
4 16 -2.056 -4 33.203999 -2.056 4 33.203999 -2.0562 4 31.353901 -2.0562 -4 31.353901
3 16 2.056 4 33.203999 1.028 6 36.287998 1.028 4 36.287998
3 16 1.028 10 29.950001 1.028 6 36.287998 2.056 4 33.203999
3 16 2.056 4 33.203999 2.0559 4 31.3542 1.028 10 29.950001
4 16 2.0559 -4 31.3542 2.0559 4 31.3542 2.056 4 33.203999 2.056 -4 33.203999
2 24 2.0559 4 31.3542 2.056 4 29.950001
2 24 2.056 4 29.950001 1.028 10 29.950001
4 16 2.056 4 29.950001 4.66 4 29.656799 5.6611 10 29.4289 1.028 10 29.950001
4 16 2.0559 4 31.3542 4.9723 4 31.0254 4.66 4 29.656799 2.056 4 29.950001
1 16 3.5141 0 31.1898 0 0 1.4582 -4 0 0 0 -1 -0.1644 rect.dat
2 24 1.028 10 29.950001 5.6611 10 29.4289
2 24 4.66 4 29.656799 2.056 4 29.950001
2 24 4.66 4 29.656799 4.9723 4 31.0254
2 24 5.6611 10 29.4289 4.66 4 29.656799

2 24 1.028 -10 29.950001 0 -10 34.231998
2 24 -1.0282 -10 29.950001 0 -10 34.231998
2 24 0 -8 36.287998 0 -10 34.231998
2 24 0 -8 36.287998 -1.028 -6 36.287998
2 24 0 -8 36.287998 1.028 -6 36.287998
1 16 0 -5 36.288 1.028 0 0 0 0 1 0 -1 0 rect3.dat
3 16 1.028 -10 29.950001 0 -10 34.231998 -1.0282 -10 29.950001
3 16 1.028 -6 36.287998 -1.028 -6 36.287998 0 -8 36.287998
3 16 -1.0282 -10 29.950001 0 -10 34.231998 -1.028 -6 36.287998
3 16 -1.028 -6 36.287998 0 -10 34.231998 0 -8 36.287998
3 16 1.028 -10 29.950001 1.028 -6 36.287998 0 -10 34.231998
3 16 1.028 -6 36.287998 0 -8 36.287998 0 -10 34.231998
4 16 0.8531 -4 36.801998 -0.8531 -4 36.801998 -1.028 -4 36.287998 1.028 -4 36.287998
3 16 -1.028 -6 36.287998 -1.028 -4 36.287998 -2.056 -4 33.203999
3 16 -1.028 -6 36.287998 -2.056 -4 33.203999 -1.0282 -10 29.950001
3 16 -2.0562 -4 31.353901 -1.0282 -10 29.950001 -2.056 -4 33.203999
3 16 -2.0562 -4 31.353901 -2.0561 -4 29.950199 -1.0282 -10 29.950001
3 16 2.0559 -4 31.3542 1.028 -10 29.950001 2.056 -4 29.950001
3 16 1.028 -6 36.287998 2.056 -4 33.203999 1.028 -4 36.287998
3 16 1.028 -6 36.287998 1.028 -10 29.950001 2.056 -4 33.203999
3 16 2.0559 -4 31.3542 2.056 -4 33.203999 1.028 -10 29.950001
2 24 2.0559 -4 31.3542 2.056 -4 29.950001
2 24 2.056 -4 29.950001 1.028 -10 29.950001
4 16 5.6621 -10 29.4279 4.66 -4 29.656799 2.056 -4 29.950001 1.028 -10 29.950001
4 16 4.66 -4 29.656799 4.9723 -4 31.0254 2.0559 -4 31.3542 2.056 -4 29.950001
2 24 1.028 -10 29.950001 5.6621 -10 29.4279
2 24 4.66 -4 29.656799 2.056 -4 29.950001
2 24 4.66 -4 29.656799 4.9723 -4 31.0254
2 24 5.6621 -10 29.4279 4.66 -4 29.656799
1 16 0.94055 0 36.545 -0.08745 -1 0 0 0 -4 0.257 0 0 rect2p.dat
4 16 2.056 4 33.203999 1.028 4 36.287998 1.028 -4 36.287998 2.056 -4 33.203999
1 16 -0.94055 0 36.545 -0.08745 1 0 0 0 -4 -0.257 0 0 rect2p.dat
4 16 -1.028 4 36.287998 -2.056 4 33.203999 -2.056 -4 33.203999 -1.028 -4 36.287998


5 24 2.0559 -4 31.3542 2.056 -4 33.203999 2.0559 4 31.3542 1.028 -10 29.950001
5 24 -1.028 -6 36.287998 -1.0282 -10 29.950001 -2.056 -4 33.203999 0 -10 34.231998
5 24 0 -10 34.231998 -1.028 -6 36.287998 -1.0282 -10 29.950001 0 -8 36.287998
5 24 1.028 -10 29.950001 1.028 -6 36.287998 0 -10 34.231998 2.056 -4 33.203999
5 24 1.028 -6 36.287998 0 -10 34.231998 0 -8 36.287998 1.028 -10 29.950001
5 24 0 10 34.231998 1.028 6 36.287998 1.028 10 29.950001 0 8 36.287998
5 24 1.028 -10 29.950001 2.056 -4 33.203999 1.028 -6 36.287998 2.0559 -4 31.3542
5 24 2.056 4 33.203999 1.028 10 29.950001 1.028 6 36.287998 2.0559 4 31.3542
5 24 1.028 6 36.287998 1.028 10 29.950001 0 10 34.231998 2.056 4 33.203999
5 24 -1.028 6 36.287998 -2.056 4 33.203999 -1.028 4 36.287998 -1.0293 10 29.9508
5 24 -2.0562 4 31.353901 -2.056 4 33.203999 -1.0293 10 29.9508 -2.0562 -4 31.353901
5 24 2.056 4 33.203999 2.0559 4 31.3542 2.056 -4 33.203999 1.028 10 29.950001
5 24 -1.0293 10 29.9508 -2.056 4 33.203999 -1.028 6 36.287998 -2.0562 4 31.353901
5 24 -2.056 -4 33.203999 -1.028 -6 36.287998 -1.028 -4 36.287998 -1.0282 -10 29.950001
5 24 2.056 4 33.203999 2.056 -4 33.203999 1.028 4 36.287998 2.0559 -4 31.3542
5 24 1.028 -4 36.287998 1.028 4 36.287998 0.8531 4 36.801998 2.056 -4 33.203999
5 24 -2.056 -4 33.203999 -1.0282 -10 29.950001 -1.028 -6 36.287998 -2.0562 -4 31.353901
5 24 -2.056 -4 33.203999 -2.056 4 33.203999 -2.0562 4 31.353901 -1.028 -4 36.287998
5 24 2.056 4 33.203999 1.028 6 36.287998 1.028 10 29.950001 1.028 4 36.287998
5 24 -1.028 4 36.287998 -1.028 -4 36.287998 -0.8531 -4 36.801998 -2.056 4 33.203999
5 24 -1.028 6 36.287998 0 10 34.231998 -1.0293 10 29.9508 0 8 36.287998
5 24 -1.0293 10 29.9508 -1.028 6 36.287998 -2.056 4 33.203999 0 10 34.231998
5 24 -2.056 -4 33.203999 -2.0562 -4 31.353901 -1.0282 -10 29.950001 -2.056 4 33.203999
5 24 1.028 -6 36.287998 2.056 -4 33.203999 1.028 -4 36.287998 1.028 -10 29.950001
