0 ~Electric Spike Prime Hub Top without Dot-Matrix LEDs
0 Name: s\u9393s02.dat
0 Author: Philippe Hurbain [Philo]
0 !LDRAW_ORG Unofficial_Subpart
0 !LICENSE Redistributable under CCAL version 2.0 : see CAreadme.txt

0 BFC CERTIFY CCW

1 16 0 0 0 -1 0 0 0 1 0 0 0 -1 s\u9393s01.dat
1 16 0 0 0 -1 0 0 0 1 0 0 0 1 s\u9393s01.dat
4 16 -69 -6 13.5 -69 -6 -13.5 -69 -9 -91 -69 -9 91
2 24 -69 -9 100 -69 -9 -100
1 16 -67.5 -6 0 -1.5 0 0 0 -1 0 0 0 13.5 rect1.dat
1 16 0 0 0 1 0 0 0 1 0 0 0 -1 s\u9393s01.dat
1 16 0 0 0 1 0 0 0 1 0 0 0 1 s\u9393s01.dat
4 16 69 -9 -91 69 -6 -13.5 69 -6 13.5 69 -9 91
2 24 69 -9 100 69 -9 -100
1 16 67.5 -6 0 1.5 0 0 0 -1 0 0 0 -13.5 rect1.dat
1 16 0 9 109 0 0 -53 1 0 0 0 -1 0 rect1.dat
2 24 60 -9 109 -60 -9 109
2 24 51.25 10 106 -51.25 10 106
2 24 51.25 -6 106 -51.25 -6 106
4 16 53 10 109 51.25 10 106 -51.25 10 106 -53 10 109
4 16 51 -9 -109 -51 -9 -109 -53 8 -109 53 8 -109
1 16 0 9 -109 0 0 53 1 0 0 0 1 0 rect1.dat
2 24 60 -9 -109 -60 -9 -109
1 16 0 2 -106 51.25 0 0 0 0 8 0 -1 0 rect2p.dat
4 16 -51.25 10 -106 51.25 10 -106 53 10 -109 -53 10 -109
0 BFC INVERTNEXT
1 16 40 -9 80 -12.5 0 0 0 3 0 0 0 -12.5 4-4cylo.dat
1 16 40 -9 80 -8.83883 0 8.83883 0 1 0 -8.83883 0 -8.83883 4-4ndis.dat
1 16 40 -6 80 -12.5 0 0 0 -1 0 0 0 -12.5 4-4ndis.dat
4 16 40 -9 97.677696 48.838799 -9 88.838799 51 -9 91 51 -9 109
4 16 51 -9 91 48.838799 -9 88.838799 57.6777 -9 80 69 -9 91
4 16 52.5 -6 67.5 52.5 -6 92.5 53.812901 -6 93.812897 66 -6 91.25
4 16 51.25 -6 106 53.812901 -6 93.812897 52.5 -6 92.5 27.5 -6 92.5
1 16 0 -9 -80 0 0 23 0 1 0 23 0 0 48\3-16edge.dat
1 16 0 -9 -80 0 0 23 0 1 0 23 0 0 48\3-16ndis.dat
0 BFC INVERTNEXT
1 16 40 -9 -80 0 0 8.8021 0 3 0 -8.8021 0 0 2-4cylo.dat
1 16 40 -9 -80 0 0 8.8021 0 1 0 -8.8021 0 0 2-4ndis.dat
1 16 0 -9 -80 0 0 23 0 1 0 -23 0 0 48\3-16edge.dat
1 16 0 -9 -80 0 0 23 0 1 0 -23 0 0 48\3-16ndis.dat
2 24 21.249701 -9 -71.197899 40 -9 -71.197899
3 16 23 -9 -57 21.249701 -9 -71.197899 40 -9 -71.197899
4 16 23 -9 -57 40 -9 -71.197899 48.802101 -9 -71.197899 50 -9 -47.5
3 16 21.249701 -9 -88.802101 23 -9 -103 40 -9 -88.802101
3 16 40 -9 -88.802101 23 -9 -103 48.802101 -9 -88.802101
4 16 23 -9 -103 51 -9 -109 51 -9 -91 48.802101 -9 -88.802101
4 16 48.802101 -9 -88.802101 51 -9 -91 69 -9 -91 48.802101 -9 -71.197899
2 24 21.249701 -9 -88.802101 40 -9 -88.802101
1 16 0 -9 -80 0 0 -23 0 1 0 23 0 0 48\3-16edge.dat
1 16 0 -9 -80 0 0 -23 0 1 0 23 0 0 48\3-16ndis.dat
0 BFC INVERTNEXT
1 16 -40 -9 -80 0 0 -8.8021 0 3 0 -8.8021 0 0 2-4cylo.dat
1 16 -40 -9 -80 0 0 -8.8021 0 1 0 -8.8021 0 0 2-4ndis.dat
1 16 0 -9 -80 0 0 -23 0 1 0 -23 0 0 48\3-16edge.dat
1 16 0 -9 -80 0 0 -23 0 1 0 -23 0 0 48\3-16ndis.dat
2 24 -21.249701 -9 -71.197899 -40 -9 -71.197899
3 16 -21.249701 -9 -71.197899 -23 -9 -57 -40 -9 -71.197899
4 16 -48.802101 -9 -71.197899 -40 -9 -71.197899 -23 -9 -57 -50 -9 -47.5
3 16 -23 -9 -103 -21.249701 -9 -88.802101 -40 -9 -88.802101
3 16 -23 -9 -103 -40 -9 -88.802101 -48.802101 -9 -88.802101
4 16 -51 -9 -91 -51 -9 -109 -23 -9 -103 -48.802101 -9 -88.802101
4 16 -69 -9 -91 -51 -9 -91 -48.802101 -9 -88.802101 -48.802101 -9 -71.197899
2 24 -21.249701 -9 -88.802101 -40 -9 -88.802101
4 16 23 -9 -103 -23 -9 -103 -51 -9 -109 51 -9 -109
0 BFC INVERTNEXT
1 16 0 -9 -80 0 0 3.83333 0 2 0 3.83333 0 0 48\1-6con5.dat
2 24 16.983999 -7 -71.197899 21.249701 -9 -71.197899
0 BFC INVERTNEXT
1 16 0 -7 -80 0 0 19.16667 0 1 0 19.16667 0 0 48\1-6cylo.dat
1 16 16.7912 -6.5 -70.8073 0 1 0.19285 0.5 0 0 0 0 -0.3906 rect3.dat
4 16 16.598301 -7 -70.416702 16.983999 -7 -71.197899 21.249701 -9 -71.197899 19.917999 -9 -68.5
4 16 40 -9 -71.197899 21.249701 -9 -71.197899 16.983999 -6 -71.197899 40 -6 -71.197899
2 24 16.983999 -6 -71.197899 40 -6 -71.197899
3 16 16.983999 -7 -71.197899 16.983999 -6 -71.197899 21.249701 -9 -71.197899
0 BFC INVERTNEXT
1 16 0 -9 -80 0 0 3.83333 0 2 0 -3.83333 0 0 48\1-6con5.dat
2 24 16.983999 -7 -88.802101 21.249701 -9 -88.802101
0 BFC INVERTNEXT
1 16 0 -7 -80 0 0 19.16667 0 1 0 -19.16667 0 0 48\1-6cylo.dat
1 16 16.7912 -6.5 -89.1927 0 1 0.19285 -0.5 0 0 0 0 0.3906 rect3.dat
4 16 21.249701 -9 -88.802101 16.983999 -7 -88.802101 16.598301 -7 -89.583298 19.917999 -9 -91.5
4 16 16.983999 -6 -88.802101 21.249701 -9 -88.802101 40 -9 -88.802101 40 -6 -88.802101
2 24 16.983999 -6 -88.802101 40 -6 -88.802101
3 16 16.983999 -6 -88.802101 16.983999 -7 -88.802101 21.249701 -9 -88.802101
0 BFC INVERTNEXT
1 16 0 -9 -80 0 0 -3.83333 0 2 0 3.83333 0 0 48\1-6con5.dat
2 24 -16.983999 -7 -71.197899 -21.249701 -9 -71.197899
0 BFC INVERTNEXT
1 16 0 -7 -80 0 0 -19.16667 0 1 0 19.16667 0 0 48\1-6cylo.dat
1 16 -16.7912 -6.5 -70.8073 0 -1 -0.19285 -0.5 0 0 0 0 -0.3906 rect3.dat
4 16 -21.249701 -9 -71.197899 -16.983999 -7 -71.197899 -16.598301 -7 -70.416702 -19.917999 -9 -68.5
4 16 -16.983999 -6 -71.197899 -21.249701 -9 -71.197899 -40 -9 -71.197899 -40 -6 -71.197899
2 24 -16.983999 -6 -71.197899 -40 -6 -71.197899
3 16 -16.983999 -6 -71.197899 -16.983999 -7 -71.197899 -21.249701 -9 -71.197899
0 BFC INVERTNEXT
1 16 0 -9 -80 0 0 -3.83333 0 2 0 -3.83333 0 0 48\1-6con5.dat
2 24 -16.983999 -7 -88.802101 -21.249701 -9 -88.802101
0 BFC INVERTNEXT
1 16 0 -7 -80 0 0 -19.16667 0 1 0 -19.16667 0 0 48\1-6cylo.dat
1 16 -16.7912 -6.5 -89.1927 0 -1 -0.19285 0.5 0 0 0 0 0.3906 rect3.dat
4 16 -16.598301 -7 -89.583298 -16.983999 -7 -88.802101 -21.249701 -9 -88.802101 -19.917999 -9 -91.5
4 16 -40 -9 -88.802101 -21.249701 -9 -88.802101 -16.983999 -6 -88.802101 -40 -6 -88.802101
2 24 -16.983999 -6 -88.802101 -40 -6 -88.802101
3 16 -16.983999 -7 -88.802101 -16.983999 -6 -88.802101 -21.249701 -9 -88.802101
1 16 40 -6 -80 0 0 8.8021 0 -1 0 -8.8021 0 0 2-4ndis.dat
4 16 16.983999 -6 -71.197899 16.598301 -6 -70.416702 19.1667 -6 -60.833302 48.802101 -6 -71.197899
1 16 0 -6 -80 0 0 19.16667 0 -1 0 19.16667 0 0 48\1-6ndis.dat
4 16 19.1667 -6 -99.166702 16.598301 -6 -89.583298 16.983999 -6 -88.802101 48.802101 -6 -88.802101
1 16 0 -6 -80 0 0 19.16667 0 -1 0 -19.16667 0 0 48\1-6ndis.dat
4 16 53.812901 -6 -93.812897 51.25 -6 -106 19.1667 -6 -99.166702 48.802101 -6 -88.802101
4 16 53.812901 -6 -93.812897 48.802101 -6 -88.802101 48.802101 -6 -71.197899 66 -6 -91.25
1 16 -40 -6 -80 0 0 -8.8021 0 -1 0 -8.8021 0 0 2-4ndis.dat
4 16 -19.1667 -6 -60.833302 -16.598301 -6 -70.416702 -16.983999 -6 -71.197899 -48.802101 -6 -71.197899
1 16 0 -6 -80 0 0 -19.16667 0 -1 0 19.16667 0 0 48\1-6ndis.dat
4 16 -16.983999 -6 -88.802101 -16.598301 -6 -89.583298 -19.1667 -6 -99.166702 -48.802101 -6 -88.802101
1 16 0 -6 -80 0 0 -19.16667 0 -1 0 -19.16667 0 0 48\1-6ndis.dat
4 16 -19.1667 -6 -99.166702 -51.25 -6 -106 -53.812901 -6 -93.812897 -48.802101 -6 -88.802101
4 16 -48.802101 -6 -71.197899 -48.802101 -6 -88.802101 -53.812901 -6 -93.812897 -66 -6 -91.25
4 16 -19.1667 -6 -99.166702 19.1667 -6 -99.166702 51.25 -6 -106 -51.25 -6 -106
4 16 -51.25 -6 106 51.25 -6 106 27.5 -6 92.5 -53.812901 -6 93.812897
4 16 -48.802101 -6 -71.197899 -66 -6 -91.25 -66 -6 91.25 -53.812901 -6 93.812897
4 16 66 -6 -91.25 48.802101 -6 -71.197899 52.5 -6 67.5 66 -6 91.25
4 16 19.1667 -6 -60.833302 27.5 -6 67.5 52.5 -6 67.5 48.802101 -6 -71.197899
4 16 27.5 -6 92.5 -19.1667 -6 -60.833302 -48.802101 -6 -71.197899 -53.812901 -6 93.812897
4 16 -19.1667 -6 -60.833302 27.5 -6 92.5 27.5 -6 67.5 19.1667 -6 -60.833302
1 16 -33 -9 80 0.6 0 0 0 0.6 0 0 0 0.6 s\12787s01.dat
4 16 -42.299999 -9 89.300003 -51 -9 91 -69 -9 91 -42.299999 -9 70.699997
4 16 -51 -9 109 -51 -9 91 -42.299999 -9 89.300003 -23.700001 -9 89.300003
4 16 -51 -9 109 -23.700001 -9 89.300003 40 -9 97.677696 51 -9 109
3 16 -23.700001 -9 89.300003 31.161301 -9 88.838799 40 -9 97.677696
3 16 31.161301 -9 88.838799 -23.700001 -9 89.300003 22.3223 -9 80
3 16 40 -9 62.3223 31.161301 -9 71.161301 -23.700001 -9 70.699997
4 16 22.3223 -9 80 -23.700001 -9 89.300003 -23.700001 -9 70.699997 31.161301 -9 71.161301
4 16 34 -9 -7.5 34 -9 7.5 29 -9 7.5 29 -9 -7.5
4 16 13 -9 -7.5 13 -9 7.5 8 -9 7.5 8 -9 -7.5
4 16 -8 -9 -7.5 -8 -9 7.5 -13 -9 7.5 -13 -9 -7.5
4 16 -29 -9 -7.5 -29 -9 7.5 -34 -9 7.5 -34 -9 -7.5
4 16 34 -9 -27.5 34 -9 -12.5 29 -9 -12.5 29 -9 -27.5
4 16 13 -9 -27.5 13 -9 -12.5 8 -9 -12.5 8 -9 -27.5
4 16 -8 -9 -27.5 -8 -9 -12.5 -13 -9 -12.5 -13 -9 -27.5
4 16 -29 -9 -27.5 -29 -9 -12.5 -34 -9 -12.5 -34 -9 -27.5
4 16 34 -9 -47.5 34 -9 -32.5 29 -9 -32.5 29 -9 -47.5
4 16 13 -9 -47.5 13 -9 -32.5 8 -9 -32.5 8 -9 -47.5
4 16 -8 -9 -47.5 -8 -9 -32.5 -13 -9 -32.5 -13 -9 -47.5
4 16 -29 -9 -47.5 -29 -9 -32.5 -34 -9 -32.5 -34 -9 -47.5
4 16 34 -9 12.5 34 -9 27.5 29 -9 27.5 29 -9 12.5
4 16 13 -9 12.5 13 -9 27.5 8 -9 27.5 8 -9 12.5
4 16 -8 -9 12.5 -8 -9 27.5 -13 -9 27.5 -13 -9 12.5
4 16 -29 -9 12.5 -29 -9 27.5 -34 -9 27.5 -34 -9 12.5
4 16 34 -9 32.5 34 -9 47.5 29 -9 47.5 29 -9 32.5
4 16 13 -9 32.5 13 -9 47.5 8 -9 47.5 8 -9 32.5
4 16 -8 -9 32.5 -8 -9 47.5 -13 -9 47.5 -13 -9 32.5
4 16 -29 -9 32.5 -29 -9 47.5 -34 -9 47.5 -34 -9 32.5
4 16 50 -9 -32.5 50 -9 -27.5 -50 -9 -27.5 -50 -9 -32.5
4 16 50 -9 -12.5 50 -9 -7.5 -50 -9 -7.5 -50 -9 -12.5
4 16 50 -9 7.5 50 -9 12.5 -50 -9 12.5 -50 -9 7.5
4 16 50 -9 27.5 50 -9 32.5 -50 -9 32.5 -50 -9 27.5
4 16 -50 -9 -47.5 -23 -9 -57 23 -9 -57 50 -9 -47.5
4 16 -69 -9 -91 -48.802101 -9 -71.197899 -50 -9 -47.5 -61.6124 -9 -43.176998
4 16 50 -9 -47.5 48.802101 -9 -71.197899 69 -9 -91 58.757099 -9 -43.286999
3 16 48.838799 -9 71.161201 40 -9 62.3223 50 -9 47.5
4 16 57.6777 -9 80 48.838799 -9 71.161201 50 -9 47.5 69 -9 91
3 16 -23.700001 -9 70.699997 -42.299999 -9 70.699997 -50 -9 47.5
3 16 -50 -9 47.5 -42.299999 -9 70.699997 -69 -9 91
4 16 -23.700001 -9 70.699997 -50 -9 47.5 50 -9 47.5 40 -9 62.3223

0 // Letters
0 // C
4 16 -61.572701 -8.7 2.5816 -62.072399 -8.7 1.9082 -60.658199 -8.7 1.2508 -60.345798 -8.7 1.682
4 16 -62.072399 -8.7 1.9082 -62.3722 -8.7 1.1129 -60.8456 -8.7 0.7261 -60.658199 -8.7 1.2508
4 16 -60.8894 -8.7 3.092 -61.572701 -8.7 2.5816 -60.345798 -8.7 1.682 -59.923801 -8.7 2.0026
4 16 -60.8456 -8.7 0.7261 -62.3722 -8.7 1.1129 -62.472099 -8.7 0.1962 -60.907902 -8.7 0.1082
4 16 -60.8428 -8.7 -0.5408 -62.358601 -8.7 -0.8145 -62.0182 -8.7 -1.6699 -60.647202 -8.7 -1.0803
4 16 -60.647202 -8.7 -1.0803 -62.0182 -8.7 -1.6699 -61.4506 -8.7 -2.3701 -60.3214 -8.7 -1.5097
4 16 -60.907902 -8.7 0.1082 -62.472099 -8.7 0.1962 -62.358601 -8.7 -0.8145 -60.8428 -8.7 -0.5408
4 16 -60.3214 -8.7 -1.5097 -61.4506 -8.7 -2.3701 -60.7103 -8.7 -2.8887 -59.6493 -8.7 -1.9315
4 16 -60.038898 -8.7 3.3985 -60.8894 -8.7 3.092 -59.923801 -8.7 2.0026 -59.407299 -8.7 2.1949
4 16 -58.796299 -8.7 2.2589 -58.3423 -8.7 3.468 -59.021198 -8.7 3.5006 -59.407299 -8.7 2.1949
4 16 -58.3423 -8.7 3.468 -58.796299 -8.7 2.2589 -58.1339 -8.7 2.2052 -57.7784 -8.7 3.3701
4 16 -57.3298 -8.7 3.2073 -57.7784 -8.7 3.3701 -58.1339 -8.7 2.2052 -57.554699 -8.7 2.0439
4 16 -59.6493 -8.7 -1.9315 -60.7103 -8.7 -2.8887 -59.8517 -8.7 -3.2 -58.806 -8.7 -2.072
4 16 -58.806 -8.7 -2.072 -59.8517 -8.7 -3.2 -58.874699 -8.7 -3.3038 -57.941002 -8.7 -3.2303
4 16 -57.251701 -8.7 -3.0103 -57.554699 -8.7 -1.8276 -58.160801 -8.7 -2.0109 -57.941002 -8.7 -3.2303
3 16 -57.941002 -8.7 -3.2303 -58.160801 -8.7 -2.0109 -58.806 -8.7 -2.072
3 16 -60.038898 -8.7 3.3985 -59.407299 -8.7 2.1949 -59.021198 -8.7 3.5006
4 16 -59.407299 -9 2.1949 -60.658199 -9 1.2508 -60.8456 -9 0.7261 -58.796299 -9 2.2589
4 16 -58.796299 -9 2.2589 -60.8456 -9 0.7261 -60.907902 -9 0.1082 -58.806 -9 -2.072
4 16 -59.923801 -9 2.0026 -60.345798 -9 1.682 -60.658199 -9 1.2508 -59.407299 -9 2.1949
3 16 -62.358601 -9 -0.8145 -62.472099 -9 0.1962 -69 -9 -20
3 16 -62.0182 -9 -1.6699 -69 -9 -20 -61.4506 -9 -2.3701
3 16 -69 -9 -20 -62.0182 -9 -1.6699 -62.358601 -9 -0.8145
3 16 -61.4506 -9 -2.3701 -69 -9 -20 -60.7103 -9 -2.8887
4 16 -59.6493 -9 -1.9315 -60.8428 -9 -0.5408 -60.647202 -9 -1.0803 -60.3214 -9 -1.5097
4 16 -58.806 -9 -2.072 -60.907902 -9 0.1082 -60.8428 -9 -0.5408 -59.6493 -9 -1.9315
3 16 -60.7103 -9 -2.8887 -69 -9 -20 -59.8517 -9 -3.2
4 16 -58.160801 -9 -2.0109 -58.1339 -9 2.2052 -58.796299 -9 2.2589 -58.806 -9 -2.072
4 16 -57.554699 -9 -1.8276 -57.554699 -9 2.0439 -58.1339 -9 2.2052 -58.160801 -9 -2.0109
4 16 -58.874699 -9 -3.3038 -59.8517 -9 -3.2 -69 -9 -20 -50 -9 -12.5
3 16 -50 -9 -12.5 -57.941002 -9 -3.2303 -58.874699 -9 -3.3038
3 16 -57.251701 -9 -3.0103 -57.941002 -9 -3.2303 -50 -9 -12.5
2 24 -62.3722 -8.7 1.1129 -62.072399 -8.7 1.9082
2 24 -57.251701 -8.7 -3.0103 -57.941002 -8.7 -3.2303
2 24 -58.1339 -8.7 2.2052 -58.796299 -8.7 2.2589
2 24 -61.4506 -8.7 -2.3701 -62.0182 -8.7 -1.6699
2 24 -58.160801 -8.7 -2.0109 -57.554699 -8.7 -1.8276
2 24 -59.8517 -8.7 -3.2 -60.7103 -8.7 -2.8887
2 24 -60.8894 -8.7 3.092 -60.038898 -8.7 3.3985
2 24 -58.3423 -8.7 3.468 -57.7784 -8.7 3.3701
2 24 -62.072399 -8.7 1.9082 -61.572701 -8.7 2.5816
2 24 -60.8428 -8.7 -0.5408 -60.647202 -8.7 -1.0803
2 24 -60.038898 -8.7 3.3985 -59.021198 -8.7 3.5006
2 24 -60.7103 -8.7 -2.8887 -61.4506 -8.7 -2.3701
2 24 -58.874699 -8.7 -3.3038 -59.8517 -8.7 -3.2
2 24 -58.806 -8.7 -2.072 -58.160801 -8.7 -2.0109
2 24 -60.907902 -8.7 0.1082 -60.8428 -8.7 -0.5408
2 24 -62.0182 -8.7 -1.6699 -62.358601 -8.7 -0.8145
2 24 -59.021198 -8.7 3.5006 -58.3423 -8.7 3.468
2 24 -59.6493 -8.7 -1.9315 -58.806 -8.7 -2.072
2 24 -62.472099 -8.7 0.1962 -62.3722 -8.7 1.1129
2 24 -57.941002 -8.7 -3.2303 -58.874699 -8.7 -3.3038
2 24 -58.796299 -8.7 2.2589 -59.407299 -8.7 2.1949
2 24 -60.658199 -8.7 1.2508 -60.8456 -8.7 0.7261
2 24 -60.3214 -8.7 -1.5097 -59.6493 -8.7 -1.9315
2 24 -57.7784 -8.7 3.3701 -57.3298 -8.7 3.2073
2 24 -60.647202 -8.7 -1.0803 -60.3214 -8.7 -1.5097
2 24 -61.572701 -8.7 2.5816 -60.8894 -8.7 3.092
2 24 -59.407299 -8.7 2.1949 -59.923801 -8.7 2.0026
2 24 -60.345798 -8.7 1.682 -60.658199 -8.7 1.2508
2 24 -59.923801 -8.7 2.0026 -60.345798 -8.7 1.682
2 24 -62.358601 -8.7 -0.8145 -62.472099 -8.7 0.1962
2 24 -60.8456 -8.7 0.7261 -60.907902 -8.7 0.1082
2 24 -57.554699 -8.7 2.0439 -58.1339 -8.7 2.2052
4 16 -58.3423 -8.7 3.468 -57.7784 -8.7 3.3701 -57.7784 -9 3.3701 -58.3423 -9 3.468
4 16 -58.796299 -8.7 2.2589 -59.407299 -8.7 2.1949 -59.407299 -9 2.1949 -58.796299 -9 2.2589
4 16 -59.407299 -8.7 2.1949 -59.923801 -8.7 2.0026 -59.923801 -9 2.0026 -59.407299 -9 2.1949
4 16 -59.923801 -8.7 2.0026 -60.345798 -8.7 1.682 -60.345798 -9 1.682 -59.923801 -9 2.0026
4 16 -60.658199 -8.7 1.2508 -60.8456 -8.7 0.7261 -60.8456 -9 0.7261 -60.658199 -9 1.2508
4 16 -60.8456 -8.7 0.7261 -60.907902 -8.7 0.1082 -60.907902 -9 0.1082 -60.8456 -9 0.7261
4 16 -57.251701 -8.7 -3.0103 -57.941002 -8.7 -3.2303 -57.941002 -9 -3.2303 -57.251701 -9 -3.0103
4 16 -60.7103 -8.7 -2.8887 -61.4506 -8.7 -2.3701 -61.4506 -9 -2.3701 -60.7103 -9 -2.8887
4 16 -62.472099 -8.7 0.1962 -62.3722 -8.7 1.1129 -62.3722 -9 1.1129 -62.472099 -9 0.1962
4 16 -62.072399 -8.7 1.9082 -61.572701 -8.7 2.5816 -61.572701 -9 2.5816 -62.072399 -9 1.9082
4 16 -60.038898 -8.7 3.3985 -59.021198 -8.7 3.5006 -59.021198 -9 3.5006 -60.038898 -9 3.3985
4 16 -59.021198 -8.7 3.5006 -58.3423 -8.7 3.468 -58.3423 -9 3.468 -59.021198 -9 3.5006
4 16 -57.7784 -8.7 3.3701 -57.3298 -8.7 3.2073 -57.3298 -9 3.2073 -57.7784 -9 3.3701
1 16 -57.4423 -8.85 2.6256 0 1 -0.11245 0.15 0 0 0 0 -0.5817 rect.dat
4 16 -57.554699 -8.7 2.0439 -58.1339 -8.7 2.2052 -58.1339 -9 2.2052 -57.554699 -9 2.0439
4 16 -58.1339 -8.7 2.2052 -58.796299 -8.7 2.2589 -58.796299 -9 2.2589 -58.1339 -9 2.2052
4 16 -60.345798 -8.7 1.682 -60.658199 -8.7 1.2508 -60.658199 -9 1.2508 -60.345798 -9 1.682
4 16 -60.907902 -8.7 0.1082 -60.8428 -8.7 -0.5408 -60.8428 -9 -0.5408 -60.907902 -9 0.1082
4 16 -60.8428 -8.7 -0.5408 -60.647202 -8.7 -1.0803 -60.647202 -9 -1.0803 -60.8428 -9 -0.5408
4 16 -60.647202 -8.7 -1.0803 -60.3214 -8.7 -1.5097 -60.3214 -9 -1.5097 -60.647202 -9 -1.0803
4 16 -60.3214 -8.7 -1.5097 -59.6493 -8.7 -1.9315 -59.6493 -9 -1.9315 -60.3214 -9 -1.5097
4 16 -59.6493 -8.7 -1.9315 -58.806 -8.7 -2.072 -58.806 -9 -2.072 -59.6493 -9 -1.9315
4 16 -58.806 -8.7 -2.072 -58.160801 -8.7 -2.0109 -58.160801 -9 -2.0109 -58.806 -9 -2.072
4 16 -58.160801 -8.7 -2.0109 -57.554699 -8.7 -1.8276 -57.554699 -9 -1.8276 -58.160801 -9 -2.0109
1 16 -57.4032 -8.85 -2.419 0 1 0.1515 0.15 0 0 0 0 -0.59135 rect.dat
4 16 -57.941002 -8.7 -3.2303 -58.874699 -8.7 -3.3038 -58.874699 -9 -3.3038 -57.941002 -9 -3.2303
4 16 -58.874699 -8.7 -3.3038 -59.8517 -8.7 -3.2 -59.8517 -9 -3.2 -58.874699 -9 -3.3038
4 16 -59.8517 -8.7 -3.2 -60.7103 -8.7 -2.8887 -60.7103 -9 -2.8887 -59.8517 -9 -3.2
4 16 -61.4506 -8.7 -2.3701 -62.0182 -8.7 -1.6699 -62.0182 -9 -1.6699 -61.4506 -9 -2.3701
4 16 -62.0182 -8.7 -1.6699 -62.358601 -8.7 -0.8145 -62.358601 -9 -0.8145 -62.0182 -9 -1.6699
4 16 -62.358601 -8.7 -0.8145 -62.472099 -8.7 0.1962 -62.472099 -9 0.1962 -62.358601 -9 -0.8145
4 16 -62.3722 -8.7 1.1129 -62.072399 -8.7 1.9082 -62.072399 -9 1.9082 -62.3722 -9 1.1129
4 16 -61.572701 -8.7 2.5816 -60.8894 -8.7 3.092 -60.8894 -9 3.092 -61.572701 -9 2.5816
4 16 -60.8894 -8.7 3.092 -60.038898 -8.7 3.3985 -60.038898 -9 3.3985 -60.8894 -9 3.092
5 24 -60.7103 -8.7 -2.8887 -60.7103 -9 -2.8887 -61.4506 -8.7 -2.3701 -59.8517 -8.7 -3.2
5 24 -61.4506 -8.7 -2.3701 -61.4506 -9 -2.3701 -62.0182 -8.7 -1.6699 -60.7103 -8.7 -2.8887
5 24 -62.0182 -8.7 -1.6699 -62.0182 -9 -1.6699 -62.358601 -8.7 -0.8145 -61.4506 -8.7 -2.3701
5 24 -62.358601 -8.7 -0.8145 -62.358601 -9 -0.8145 -62.472099 -8.7 0.1962 -62.0182 -8.7 -1.6699
5 24 -62.472099 -8.7 0.1962 -62.472099 -9 0.1962 -62.3722 -8.7 1.1129 -62.358601 -8.7 -0.8145
5 24 -62.3722 -8.7 1.1129 -62.3722 -9 1.1129 -62.072399 -8.7 1.9082 -62.472099 -8.7 0.1962
5 24 -62.072399 -8.7 1.9082 -62.072399 -9 1.9082 -61.572701 -8.7 2.5816 -62.3722 -8.7 1.1129
5 24 -61.572701 -8.7 2.5816 -61.572701 -9 2.5816 -60.8894 -8.7 3.092 -62.072399 -8.7 1.9082
5 24 -60.8894 -8.7 3.092 -60.8894 -9 3.092 -60.038898 -8.7 3.3985 -61.572701 -8.7 2.5816
5 24 -60.038898 -8.7 3.3985 -60.038898 -9 3.3985 -59.021198 -8.7 3.5006 -60.8894 -8.7 3.092
5 24 -59.021198 -8.7 3.5006 -59.021198 -9 3.5006 -58.3423 -8.7 3.468 -60.038898 -8.7 3.3985
5 24 -58.3423 -8.7 3.468 -58.3423 -9 3.468 -57.7784 -8.7 3.3701 -59.021198 -8.7 3.5006
5 24 -57.7784 -8.7 3.3701 -57.7784 -9 3.3701 -57.3298 -8.7 3.2073 -58.3423 -8.7 3.468
5 24 -58.1339 -8.7 2.2052 -58.1339 -9 2.2052 -58.796299 -8.7 2.2589 -57.554699 -8.7 2.0439
5 24 -58.796299 -8.7 2.2589 -58.796299 -9 2.2589 -59.407299 -8.7 2.1949 -58.1339 -8.7 2.2052
5 24 -59.407299 -8.7 2.1949 -59.407299 -9 2.1949 -59.923801 -8.7 2.0026 -58.796299 -8.7 2.2589
5 24 -59.923801 -8.7 2.0026 -59.923801 -9 2.0026 -60.345798 -8.7 1.682 -59.407299 -8.7 2.1949
5 24 -60.345798 -8.7 1.682 -60.345798 -9 1.682 -60.658199 -8.7 1.2508 -59.923801 -8.7 2.0026
5 24 -60.658199 -8.7 1.2508 -60.658199 -9 1.2508 -60.8456 -8.7 0.7261 -60.345798 -8.7 1.682
5 24 -60.8456 -8.7 0.7261 -60.8456 -9 0.7261 -60.907902 -8.7 0.1082 -60.658199 -8.7 1.2508
5 24 -60.907902 -8.7 0.1082 -60.907902 -9 0.1082 -60.8428 -8.7 -0.5408 -60.8456 -8.7 0.7261
5 24 -60.8428 -8.7 -0.5408 -60.8428 -9 -0.5408 -60.647202 -8.7 -1.0803 -60.907902 -8.7 0.1082
5 24 -60.647202 -8.7 -1.0803 -60.647202 -9 -1.0803 -60.3214 -8.7 -1.5097 -60.8428 -8.7 -0.5408
5 24 -60.3214 -8.7 -1.5097 -60.3214 -9 -1.5097 -59.6493 -8.7 -1.9315 -60.647202 -8.7 -1.0803
5 24 -59.6493 -8.7 -1.9315 -59.6493 -9 -1.9315 -58.806 -8.7 -2.072 -60.3214 -8.7 -1.5097
5 24 -58.806 -8.7 -2.072 -58.806 -9 -2.072 -58.160801 -8.7 -2.0109 -59.6493 -8.7 -1.9315
5 24 -58.160801 -8.7 -2.0109 -58.160801 -9 -2.0109 -57.554699 -8.7 -1.8276 -58.806 -8.7 -2.072
5 24 -57.941002 -8.7 -3.2303 -57.941002 -9 -3.2303 -58.874699 -8.7 -3.3038 -57.251701 -8.7 -3.0103
5 24 -58.874699 -8.7 -3.3038 -58.874699 -9 -3.3038 -59.8517 -8.7 -3.2 -57.941002 -8.7 -3.2303
5 24 -59.8517 -8.7 -3.2 -59.8517 -9 -3.2 -58.874699 -8.7 -3.3038 -60.7103 -8.7 -2.8887
2 24 -62.3722 -9 1.1129 -62.072399 -9 1.9082
2 24 -57.251701 -9 -3.0103 -57.941002 -9 -3.2303
2 24 -58.1339 -9 2.2052 -58.796299 -9 2.2589
2 24 -61.4506 -9 -2.3701 -62.0182 -9 -1.6699
2 24 -58.160801 -9 -2.0109 -57.554699 -9 -1.8276
2 24 -59.8517 -9 -3.2 -60.7103 -9 -2.8887
2 24 -60.8894 -9 3.092 -60.038898 -9 3.3985
2 24 -58.3423 -9 3.468 -57.7784 -9 3.3701
2 24 -62.072399 -9 1.9082 -61.572701 -9 2.5816
2 24 -60.8428 -9 -0.5408 -60.647202 -9 -1.0803
2 24 -60.038898 -9 3.3985 -59.021198 -9 3.5006
2 24 -60.7103 -9 -2.8887 -61.4506 -9 -2.3701
2 24 -58.874699 -9 -3.3038 -59.8517 -9 -3.2
2 24 -58.806 -9 -2.072 -58.160801 -9 -2.0109
2 24 -60.907902 -9 0.1082 -60.8428 -9 -0.5408
2 24 -62.0182 -9 -1.6699 -62.358601 -9 -0.8145
2 24 -59.021198 -9 3.5006 -58.3423 -9 3.468
2 24 -59.6493 -9 -1.9315 -58.806 -9 -2.072
2 24 -62.472099 -9 0.1962 -62.3722 -9 1.1129
2 24 -57.941002 -9 -3.2303 -58.874699 -9 -3.3038
2 24 -58.796299 -9 2.2589 -59.407299 -9 2.1949
2 24 -60.658199 -9 1.2508 -60.8456 -9 0.7261
2 24 -60.3214 -9 -1.5097 -59.6493 -9 -1.9315
2 24 -57.7784 -9 3.3701 -57.3298 -9 3.2073
2 24 -60.647202 -9 -1.0803 -60.3214 -9 -1.5097
2 24 -61.572701 -9 2.5816 -60.8894 -9 3.092
2 24 -59.407299 -9 2.1949 -59.923801 -9 2.0026
2 24 -60.345798 -9 1.682 -60.658199 -9 1.2508
2 24 -59.923801 -9 2.0026 -60.345798 -9 1.682
2 24 -62.358601 -9 -0.8145 -62.472099 -9 0.1962
2 24 -60.8456 -9 0.7261 -60.907902 -9 0.1082
2 24 -57.554699 -9 2.0439 -58.1339 -9 2.2052
0 // D
4 16 -69 -9 20 -60.038898 -9 3.3985 -59.021198 -9 3.5006 -50 -9 12.5
3 16 -59.021198 -9 3.5006 -58.3423 -9 3.468 -50 -9 12.5
3 16 -58.3423 -9 3.468 -57.7784 -9 3.3701 -50 -9 12.5
3 16 -50 -9 12.5 -57.7784 -9 3.3701 -57.3298 -9 3.2073
4 16 -57.3298 -9 3.2073 -57.554699 -9 2.0439 -57.554699 -9 -1.8276 -57.251701 -9 -3.0103
4 16 -57.3298 -9 3.2073 -57.251701 -9 -3.0103 -50 -9 -12.5 -50 -9 12.5
4 16 -62.3722 -9 1.1129 -69 -9 20 -69 -9 -20 -62.472099 -9 0.1962
3 16 -69 -9 20 -62.3722 -9 1.1129 -62.072399 -9 1.9082
3 16 -69 -9 20 -62.072399 -9 1.9082 -61.572701 -9 2.5816
3 16 -69 -9 20 -61.572701 -9 2.5816 -60.8894 -9 3.092
3 16 -69 -9 20 -60.8894 -9 3.092 -60.038898 -9 3.3985
3 16 57.359299 -9 -3.1841 56.757599 -9 -3.1082 50 -9 -27.5
4 16 58.7715 -9 -3.2451 58.030701 -9 -3.2299 50 -9 -27.5 69 -9 -20
3 16 50 -9 -27.5 58.030701 -9 -3.2299 57.359299 -9 -3.1841
3 16 58.7715 -9 -3.2451 69 -9 -20 59.853401 -9 -3.167
3 16 62.088902 -9 -1.896 61.469799 -9 -2.5413 69 -9 -20
3 16 69 -9 -20 61.469799 -9 -2.5413 60.7528 -9 -2.9322
3 16 69 -9 -20 60.7528 -9 -2.9322 59.853401 -9 -3.167
2 24 58.7715 -9 -3.2451 58.030701 -9 -3.2299
2 24 57.551998 -9 3.437 58.449001 -9 3.4614
2 24 58.030701 -9 -3.2299 57.359299 -9 -3.1841
2 24 62.097698 -9 1.9016 62.462601 -9 1.0119
2 24 59.681801 -9 3.3668 60.6954 -9 3.0834
2 24 61.469799 -9 -2.5413 60.7528 -9 -2.9322
2 24 62.584301 -9 -0.0582 62.4604 -9 -1.0684
2 24 59.853401 -9 -3.167 58.7715 -9 -3.2451
2 24 56.757599 -9 3.3637 57.551998 -9 3.437
2 24 62.088902 -9 -1.896 61.469799 -9 -2.5413
2 24 60.6954 -9 3.0834 61.489399 -9 2.6109
2 24 61.489399 -9 2.6109 62.097698 -9 1.9016
2 24 58.449001 -9 3.4614 59.681801 -9 3.3668
2 24 60.7528 -9 -2.9322 59.853401 -9 -3.167
2 24 62.462601 -9 1.0119 62.584301 -9 -0.0582
2 24 57.359299 -9 -3.1841 56.757599 -9 -3.1082
2 24 62.4604 -9 -1.0684 62.088902 -9 -1.896
1 16 56.7576 -8.85 0.1278 0 -1 0 0.15 0 0 0 0 3.23595 rect.dat
1 16 58.2534 -8.85 0.1131 0 1 0 0.15 0 0 0 0 -2.1557 rect.dat
4 16 58.253399 -8.7 2.2688 58.449001 -8.7 3.4614 57.551998 -8.7 3.437 56.757599 -8.7 3.3637
4 16 58.253399 -8.7 2.2688 56.757599 -8.7 3.3637 56.757599 -8.7 -3.1082 58.253399 -8.7 -2.0426
4 16 58.449001 -8.7 3.4614 58.253399 -8.7 2.2688 58.7715 -8.7 2.298 59.681801 -8.7 3.3668
3 16 59.681801 -8.7 3.3668 58.7715 -8.7 2.298 59.418301 -8.7 2.2389
4 16 59.853401 -8.7 -3.167 60.7528 -8.7 -2.9322 59.799301 -8.7 -1.9656 58.927898 -8.7 -2.1013
4 16 58.253399 -8.7 -2.0426 56.757599 -8.7 -3.1082 57.359299 -8.7 -3.1841 58.030701 -8.7 -3.2299
4 16 58.549099 -8.7 -2.0866 58.253399 -8.7 -2.0426 58.030701 -8.7 -3.2299 58.7715 -8.7 -3.2451
4 16 58.927898 -8.7 -2.1013 58.549099 -8.7 -2.0866 58.7715 -8.7 -3.2451 59.853401 -8.7 -3.167
4 16 59.681801 -8.7 3.3668 59.418301 -8.7 2.2389 59.9641 -8.7 2.0481 60.6954 -8.7 3.0834
4 16 60.6954 -8.7 3.0834 59.9641 -8.7 2.0481 60.408901 -8.7 1.726 61.489399 -8.7 2.6109
4 16 61.489399 -8.7 2.6109 60.408901 -8.7 1.726 60.737598 -8.7 1.2748 62.097698 -8.7 1.9016
4 16 62.097698 -8.7 1.9016 60.737598 -8.7 1.2748 60.9347 -8.7 0.6964 62.462601 -8.7 1.0119
4 16 62.462601 -8.7 1.0119 60.9347 -8.7 0.6964 61.0005 -8.7 -0.0091 62.584301 -8.7 -0.0582
4 16 61.469799 -8.7 -2.5413 60.763599 -8.7 -1.1454 60.458 -8.7 -1.5588 60.7528 -8.7 -2.9322
3 16 60.7528 -8.7 -2.9322 60.458 -8.7 -1.5588 59.799301 -8.7 -1.9656
4 16 60.944401 -8.7 -0.6288 60.763599 -8.7 -1.1454 62.4604 -8.7 -1.0684 62.584301 -8.7 -0.0582
4 16 60.763599 -8.7 -1.1454 61.469799 -8.7 -2.5413 62.088902 -8.7 -1.896 62.4604 -8.7 -1.0684
3 16 62.584301 -8.7 -0.0582 61.0005 -8.7 -0.0091 60.944401 -8.7 -0.6288
4 16 58.549099 -9 -2.0866 61.0005 -9 -0.0091 58.7715 -9 2.298 58.253399 -9 -2.0426
4 16 59.418301 -9 2.2389 58.7715 -9 2.298 60.9347 -9 0.6964 60.737598 -9 1.2748
3 16 58.253399 -9 -2.0426 58.7715 -9 2.298 58.253399 -9 2.2688
4 16 60.944401 -9 -0.6288 58.927898 -9 -2.1013 59.799301 -9 -1.9656 60.763599 -9 -1.1454
4 16 61.0005 -9 -0.0091 58.549099 -9 -2.0866 58.927898 -9 -2.1013 60.944401 -9 -0.6288
4 16 60.737598 -9 1.2748 60.408901 -9 1.726 59.9641 -9 2.0481 59.418301 -9 2.2389
3 16 61.0005 -9 -0.0091 60.9347 -9 0.6964 58.7715 -9 2.298
3 16 59.799301 -9 -1.9656 60.458 -9 -1.5588 60.763599 -9 -1.1454
2 24 58.7715 -8.7 -3.2451 58.030701 -8.7 -3.2299
2 24 59.418301 -8.7 2.2389 58.7715 -8.7 2.298
2 24 60.763599 -8.7 -1.1454 60.944401 -8.7 -0.6288
2 24 57.551998 -8.7 3.437 58.449001 -8.7 3.4614
2 24 58.030701 -8.7 -3.2299 57.359299 -8.7 -3.1841
2 24 62.097698 -8.7 1.9016 62.462601 -8.7 1.0119
2 24 60.944401 -8.7 -0.6288 61.0005 -8.7 -0.0091
2 24 59.681801 -8.7 3.3668 60.6954 -8.7 3.0834
2 24 61.469799 -8.7 -2.5413 60.7528 -8.7 -2.9322
2 24 62.584301 -8.7 -0.0582 62.4604 -8.7 -1.0684
2 24 58.927898 -8.7 -2.1013 59.799301 -8.7 -1.9656
2 24 59.9641 -8.7 2.0481 59.418301 -8.7 2.2389
2 24 59.853401 -8.7 -3.167 58.7715 -8.7 -3.2451
2 24 60.458 -8.7 -1.5588 60.763599 -8.7 -1.1454
2 24 56.757599 -8.7 3.3637 57.551998 -8.7 3.437
2 24 61.0005 -8.7 -0.0091 60.9347 -8.7 0.6964
2 24 62.088902 -8.7 -1.896 61.469799 -8.7 -2.5413
2 24 58.7715 -8.7 2.298 58.253399 -8.7 2.2688
2 24 59.799301 -8.7 -1.9656 60.458 -8.7 -1.5588
2 24 60.408901 -8.7 1.726 59.9641 -8.7 2.0481
2 24 60.6954 -8.7 3.0834 61.489399 -8.7 2.6109
2 24 60.9347 -8.7 0.6964 60.737598 -8.7 1.2748
2 24 58.549099 -8.7 -2.0866 58.927898 -8.7 -2.1013
2 24 61.489399 -8.7 2.6109 62.097698 -8.7 1.9016
2 24 58.449001 -8.7 3.4614 59.681801 -8.7 3.3668
2 24 60.7528 -8.7 -2.9322 59.853401 -8.7 -3.167
2 24 62.462601 -8.7 1.0119 62.584301 -8.7 -0.0582
2 24 60.737598 -8.7 1.2748 60.408901 -8.7 1.726
2 24 57.359299 -8.7 -3.1841 56.757599 -8.7 -3.1082
2 24 62.4604 -8.7 -1.0684 62.088902 -8.7 -1.896
2 24 58.253399 -8.7 -2.0426 58.549099 -8.7 -2.0866
4 16 58.927898 -8.7 -2.1013 59.799301 -8.7 -1.9656 59.799301 -9 -1.9656 58.927898 -9 -2.1013
4 16 60.763599 -8.7 -1.1454 60.944401 -8.7 -0.6288 60.944401 -9 -0.6288 60.763599 -9 -1.1454
4 16 60.9347 -8.7 0.6964 60.737598 -8.7 1.2748 60.737598 -9 1.2748 60.9347 -9 0.6964
4 16 60.408901 -8.7 1.726 59.9641 -8.7 2.0481 59.9641 -9 2.0481 60.408901 -9 1.726
4 16 59.9641 -8.7 2.0481 59.418301 -8.7 2.2389 59.418301 -9 2.2389 59.9641 -9 2.0481
4 16 62.097698 -8.7 1.9016 62.462601 -8.7 1.0119 62.462601 -9 1.0119 62.097698 -9 1.9016
4 16 62.4604 -8.7 -1.0684 62.088902 -8.7 -1.896 62.088902 -9 -1.896 62.4604 -9 -1.0684
4 16 61.469799 -8.7 -2.5413 60.7528 -8.7 -2.9322 60.7528 -9 -2.9322 61.469799 -9 -2.5413
4 16 58.7715 -8.7 -3.2451 58.030701 -8.7 -3.2299 58.030701 -9 -3.2299 58.7715 -9 -3.2451
4 16 58.030701 -8.7 -3.2299 57.359299 -8.7 -3.1841 57.359299 -9 -3.1841 58.030701 -9 -3.2299
4 16 57.359299 -8.7 -3.1841 56.757599 -8.7 -3.1082 56.757599 -9 -3.1082 57.359299 -9 -3.1841
4 16 56.757599 -8.7 3.3637 57.551998 -8.7 3.437 57.551998 -9 3.437 56.757599 -9 3.3637
4 16 57.551998 -8.7 3.437 58.449001 -8.7 3.4614 58.449001 -9 3.4614 57.551998 -9 3.437
4 16 58.449001 -8.7 3.4614 59.681801 -8.7 3.3668 59.681801 -9 3.3668 58.449001 -9 3.4614
4 16 59.681801 -8.7 3.3668 60.6954 -8.7 3.0834 60.6954 -9 3.0834 59.681801 -9 3.3668
4 16 60.6954 -8.7 3.0834 61.489399 -8.7 2.6109 61.489399 -9 2.6109 60.6954 -9 3.0834
4 16 58.253399 -8.7 -2.0426 58.549099 -8.7 -2.0866 58.549099 -9 -2.0866 58.253399 -9 -2.0426
4 16 58.549099 -8.7 -2.0866 58.927898 -8.7 -2.1013 58.927898 -9 -2.1013 58.549099 -9 -2.0866
4 16 59.799301 -8.7 -1.9656 60.458 -8.7 -1.5588 60.458 -9 -1.5588 59.799301 -9 -1.9656
4 16 60.458 -8.7 -1.5588 60.763599 -8.7 -1.1454 60.763599 -9 -1.1454 60.458 -9 -1.5588
4 16 60.944401 -8.7 -0.6288 61.0005 -8.7 -0.0091 61.0005 -9 -0.0091 60.944401 -9 -0.6288
4 16 61.0005 -8.7 -0.0091 60.9347 -8.7 0.6964 60.9347 -9 0.6964 61.0005 -9 -0.0091
4 16 60.737598 -8.7 1.2748 60.408901 -8.7 1.726 60.408901 -9 1.726 60.737598 -9 1.2748
4 16 59.418301 -8.7 2.2389 58.7715 -8.7 2.298 58.7715 -9 2.298 59.418301 -9 2.2389
4 16 58.7715 -8.7 2.298 58.253399 -8.7 2.2688 58.253399 -9 2.2688 58.7715 -9 2.298
4 16 61.489399 -8.7 2.6109 62.097698 -8.7 1.9016 62.097698 -9 1.9016 61.489399 -9 2.6109
4 16 62.462601 -8.7 1.0119 62.584301 -8.7 -0.0582 62.584301 -9 -0.0582 62.462601 -9 1.0119
4 16 62.584301 -8.7 -0.0582 62.4604 -8.7 -1.0684 62.4604 -9 -1.0684 62.584301 -9 -0.0582
4 16 62.088902 -8.7 -1.896 61.469799 -8.7 -2.5413 61.469799 -9 -2.5413 62.088902 -9 -1.896
4 16 60.7528 -8.7 -2.9322 59.853401 -8.7 -3.167 59.853401 -9 -3.167 60.7528 -9 -2.9322
4 16 59.853401 -8.7 -3.167 58.7715 -8.7 -3.2451 58.7715 -9 -3.2451 59.853401 -9 -3.167
5 24 59.853401 -8.7 -3.167 59.853401 -9 -3.167 58.7715 -8.7 -3.2451 60.7528 -8.7 -2.9322
5 24 58.7715 -8.7 -3.2451 58.7715 -9 -3.2451 58.030701 -8.7 -3.2299 59.853401 -8.7 -3.167
5 24 58.030701 -8.7 -3.2299 58.030701 -9 -3.2299 57.359299 -8.7 -3.1841 58.7715 -8.7 -3.2451
5 24 57.359299 -8.7 -3.1841 57.359299 -9 -3.1841 56.757599 -8.7 -3.1082 58.030701 -8.7 -3.2299
5 24 57.551998 -8.7 3.437 57.551998 -9 3.437 58.449001 -8.7 3.4614 56.757599 -8.7 3.3637
5 24 58.449001 -8.7 3.4614 58.449001 -9 3.4614 59.681801 -8.7 3.3668 57.551998 -8.7 3.437
5 24 59.681801 -8.7 3.3668 59.681801 -9 3.3668 60.6954 -8.7 3.0834 58.449001 -8.7 3.4614
5 24 60.6954 -8.7 3.0834 60.6954 -9 3.0834 61.489399 -8.7 2.6109 59.681801 -8.7 3.3668
5 24 61.489399 -8.7 2.6109 61.489399 -9 2.6109 60.6954 -8.7 3.0834 62.097698 -8.7 1.9016
5 24 58.549099 -8.7 -2.0866 58.549099 -9 -2.0866 58.927898 -8.7 -2.1013 58.253399 -8.7 -2.0426
5 24 58.927898 -8.7 -2.1013 58.927898 -9 -2.1013 59.799301 -8.7 -1.9656 58.549099 -8.7 -2.0866
5 24 59.799301 -8.7 -1.9656 59.799301 -9 -1.9656 60.458 -8.7 -1.5588 58.927898 -8.7 -2.1013
5 24 60.458 -8.7 -1.5588 60.458 -9 -1.5588 60.763599 -8.7 -1.1454 59.799301 -8.7 -1.9656
5 24 60.763599 -8.7 -1.1454 60.763599 -9 -1.1454 60.944401 -8.7 -0.6288 60.458 -8.7 -1.5588
5 24 60.944401 -8.7 -0.6288 60.944401 -9 -0.6288 61.0005 -8.7 -0.0091 60.763599 -8.7 -1.1454
5 24 61.0005 -8.7 -0.0091 61.0005 -9 -0.0091 60.9347 -8.7 0.6964 60.944401 -8.7 -0.6288
5 24 60.9347 -8.7 0.6964 60.9347 -9 0.6964 60.737598 -8.7 1.2748 61.0005 -8.7 -0.0091
5 24 60.737598 -8.7 1.2748 60.737598 -9 1.2748 60.408901 -8.7 1.726 60.9347 -8.7 0.6964
5 24 60.408901 -8.7 1.726 60.408901 -9 1.726 59.9641 -8.7 2.0481 60.737598 -8.7 1.2748
5 24 59.9641 -8.7 2.0481 59.9641 -9 2.0481 59.418301 -8.7 2.2389 60.408901 -8.7 1.726
5 24 59.418301 -8.7 2.2389 59.418301 -9 2.2389 58.7715 -8.7 2.298 59.9641 -8.7 2.0481
5 24 58.7715 -8.7 2.298 58.7715 -9 2.298 58.253399 -8.7 2.2688 59.418301 -8.7 2.2389
5 24 62.097698 -8.7 1.9016 62.097698 -9 1.9016 62.462601 -8.7 1.0119 61.489399 -8.7 2.6109
5 24 62.462601 -8.7 1.0119 62.462601 -9 1.0119 62.584301 -8.7 -0.0582 62.097698 -8.7 1.9016
5 24 62.584301 -8.7 -0.0582 62.584301 -9 -0.0582 62.4604 -8.7 -1.0684 62.462601 -8.7 1.0119
5 24 62.4604 -8.7 -1.0684 62.4604 -9 -1.0684 62.088902 -8.7 -1.896 62.584301 -8.7 -0.0582
5 24 62.088902 -8.7 -1.896 62.088902 -9 -1.896 61.469799 -8.7 -2.5413 62.4604 -8.7 -1.0684
5 24 61.469799 -8.7 -2.5413 61.469799 -9 -2.5413 60.7528 -8.7 -2.9322 62.088902 -8.7 -1.896
5 24 60.7528 -8.7 -2.9322 60.7528 -9 -2.9322 59.853401 -8.7 -3.167 61.469799 -8.7 -2.5413
2 24 59.418301 -9 2.2389 58.7715 -9 2.298
2 24 60.763599 -9 -1.1454 60.944401 -9 -0.6288
2 24 60.944401 -9 -0.6288 61.0005 -9 -0.0091
2 24 58.927898 -9 -2.1013 59.799301 -9 -1.9656
2 24 59.9641 -9 2.0481 59.418301 -9 2.2389
2 24 60.458 -9 -1.5588 60.763599 -9 -1.1454
2 24 61.0005 -9 -0.0091 60.9347 -9 0.6964
2 24 58.7715 -9 2.298 58.253399 -9 2.2688
2 24 59.799301 -9 -1.9656 60.458 -9 -1.5588
2 24 60.408901 -9 1.726 59.9641 -9 2.0481
2 24 60.9347 -9 0.6964 60.737598 -9 1.2748
2 24 58.549099 -9 -2.0866 58.927898 -9 -2.1013
2 24 60.737598 -9 1.2748 60.408901 -9 1.726
2 24 58.253399 -9 -2.0426 58.549099 -9 -2.0866
4 16 50 -9 12.5 57.551998 -9 3.437 58.449001 -9 3.4614 69 -9 20
3 16 50 -9 12.5 56.757599 -9 3.3637 57.551998 -9 3.437
3 16 58.449001 -9 3.4614 59.681801 -9 3.3668 69 -9 20
3 16 69 -9 20 59.681801 -9 3.3668 60.6954 -9 3.0834
3 16 69 -9 20 60.6954 -9 3.0834 61.489399 -9 2.6109
3 16 69 -9 20 61.489399 -9 2.6109 62.097698 -9 1.9016
3 16 69 -9 20 62.097698 -9 1.9016 62.462601 -9 1.0119
4 16 69 -9 20 62.462601 -9 1.0119 62.584301 -9 -0.0582 69 -9 -20
3 16 69 -9 -20 62.584301 -9 -0.0582 62.4604 -9 -1.0684
3 16 69 -9 -20 62.4604 -9 -1.0684 62.088902 -9 -1.896
4 16 56.757599 -9 3.3637 50 -9 12.5 50 -9 -27.5 56.757599 -9 -3.1082

0 // A
4 16 -62.872398 -8.7 36.918098 -61.363499 -8.7 36.918098 -60.9049 -8.7 38.5704 -60.694901 -8.7 39.659199
4 16 -60.9049 -8.7 43.355099 -62.872398 -8.7 36.918098 -60.694901 -8.7 39.659199 -60.007301 -8.7 42.2663
4 16 -59.271999 -8.7 39.659199 -60.694901 -8.7 39.659199 -60.9049 -8.7 38.5704 -59.061798 -8.7 38.5704
4 16 -56.999001 -8.7 36.918098 -59.271999 -8.7 39.659199 -59.061798 -8.7 38.5704 -58.565102 -8.7 36.918098
4 16 -59.271999 -8.7 39.659199 -56.999001 -8.7 36.918098 -58.9949 -8.7 43.355099 -60.007301 -8.7 42.2663
3 16 -60.007301 -8.7 42.2663 -58.9949 -8.7 43.355099 -60.9049 -8.7 43.355099
4 16 -69 -9 91 -69 -9 20 -62.872398 -9 36.918098 -60.9049 -9 43.355099
3 16 -62.872398 -9 36.918098 -69 -9 20 -61.363499 -9 36.918098
4 16 -59.061798 -9 38.5704 -60.9049 -9 38.5704 -61.363499 -9 36.918098 -58.565102 -9 36.918098
4 16 -58.565102 -9 36.918098 -61.363499 -9 36.918098 -69 -9 20 -50 -9 12.5
4 16 -69 -9 91 -60.9049 -9 43.355099 -58.9949 -9 43.355099 -50 -9 47.5
3 16 -59.271999 -9 39.659199 -60.007301 -9 42.2663 -60.694901 -9 39.659199
3 16 -58.565102 -9 36.918098 -50 -9 12.5 -56.999001 -9 36.918098
3 16 -56.999001 -9 36.918098 -50 -9 12.5 -50 -9 47.5
3 16 -50 -9 47.5 -58.9949 -9 43.355099 -56.999001 -9 36.918098
1 16 -58.8135 -8.85 37.7443 0 -1 0.24835 -0.15 0 0 0 0 -0.82615 rect.dat
1 16 -57.997 -8.85 40.1366 0 1 -0.99795 -0.15 0 0 0 0 3.2185 rect.dat
1 16 -60.3511 -8.85 40.9628 0 1 0.3438 -0.15 0 0 0 0 1.30355 rect.dat
1 16 -62.118 -8.85 36.9181 0 0 0.75445 -0.15 0 0 0 -1 0 rect.dat
1 16 -61.1342 -8.85 37.7443 0 1 0.2293 -0.15 0 0 0 0 0.82615 rect3.dat
1 16 -59.9834 -8.85 38.5704 0.92155 0 0 0 0 0.15 0 -1 0 rect2p.dat
1 16 -57.7821 -8.85 36.9181 0.78305 0 0 0 0 0.15 0 -1 0 rect2p.dat
1 16 -59.6397 -8.85 40.9628 0 -1 0.36765 -0.15 0 0 0 0 -1.30355 rect3.dat
1 16 -59.9835 -8.85 39.6592 -0.71145 0 0 0 0 0.15 0 1 0 rect2p.dat
1 16 -59.9499 -8.85 43.3551 0 0 -0.955 -0.15 0 0 0 1 0 rect3.dat
1 16 -61.8887 -8.85 40.1366 -0.98375 -1 0 0 0 0.15 -3.2185 0 0 rect2p.dat

0 // B
4 16 58.591999 -8.7 37.949501 57.149899 -8.7 36.833599 58.725601 -8.7 36.851299 59.155499 -8.7 37.930401
4 16 57.149899 -8.7 36.833599 58.591999 -8.7 37.949501 58.591999 -8.7 39.764099 57.149899 -8.7 43.382198
1 16 58.83435 -8.7 40.2846 -0.23755 0 0.0096 0 1 0 0 0 -0.5205 rect2p.dat
3 16 57.149899 -8.7 43.382198 58.591999 -8.7 39.764099 58.591999 -8.7 40.805099
4 16 59.805 -8.7 36.916 59.650799 -8.7 37.987801 59.155499 -8.7 37.930401 58.725601 -8.7 36.851299
4 16 59.5686 -8.7 40.858799 59.0863 -8.7 39.764099 59.616299 -8.7 39.708 60.645302 -8.7 40.384899
4 16 60.048401 -8.7 38.159698 59.650799 -8.7 37.987801 59.805 -8.7 36.916 60.648499 -8.7 37.110298
3 16 57.149899 -8.7 43.382198 58.591999 -8.7 40.805099 58.591999 -8.7 42.304501
4 16 58.591999 -8.7 42.304501 58.871399 -8.7 42.333099 59.0313 -8.7 43.402699 57.149899 -8.7 43.382198
4 16 59.0313 -8.7 43.402699 58.871399 -8.7 42.333099 59.212898 -8.7 42.342602 59.815498 -8.7 43.362598
3 16 59.5686 -8.7 40.858799 59.067101 -8.7 40.805099 59.0863 -8.7 39.764099
3 16 60.645302 -8.7 40.384899 59.938702 -8.7 41.02 59.5686 -8.7 40.858799
4 16 59.815498 -8.7 43.362598 59.212898 -8.7 42.342602 59.785801 -8.7 42.2598 60.4491 -8.7 43.2416
3 16 60.645302 -8.7 40.384899 59.616299 -8.7 39.708 60.0341 -8.7 39.5397
4 16 61.2565 -8.7 37.433899 60.309799 -8.7 38.448601 60.048401 -8.7 38.159698 60.648499 -8.7 37.110298
4 16 60.397099 -8.7 38.856899 60.309799 -8.7 38.448601 61.7579 -8.7 38.047501 61.925098 -8.7 38.7995
4 16 60.306301 -8.7 39.256599 61.163399 -8.7 40.166599 60.645302 -8.7 40.384899 60.0341 -8.7 39.5397
4 16 61.8368 -8.7 39.354698 60.306301 -8.7 39.256599 60.397099 -8.7 38.856899 61.925098 -8.7 38.7995
4 16 61.571602 -8.7 39.8167 61.163399 -8.7 40.166599 60.306301 -8.7 39.256599 61.8368 -8.7 39.354698
3 16 61.7579 -8.7 38.047501 60.309799 -8.7 38.448601 61.2565 -8.7 37.433899
4 16 60.244202 -8.7 41.597698 60.167702 -8.7 41.2719 61.437901 -8.7 40.962601 61.638599 -8.7 41.3508
4 16 60.167702 -8.7 41.2719 59.938702 -8.7 41.02 60.645302 -8.7 40.384899 61.105999 -8.7 40.639198
4 16 60.129501 -8.7 42.0116 60.244202 -8.7 41.597698 61.619499 -8.7 42.297001 61.361599 -8.7 42.7174
4 16 60.931702 -8.7 43.039799 60.4491 -8.7 43.2416 60.129501 -8.7 42.0116 61.361599 -8.7 42.7174
3 16 60.129501 -8.7 42.0116 60.4491 -8.7 43.2416 59.785801 -8.7 42.2598
4 16 60.244202 -8.7 41.597698 61.638599 -8.7 41.3508 61.705399 -8.7 41.779301 61.619499 -8.7 42.297001
3 16 60.167702 -8.7 41.2719 61.105999 -8.7 40.639198 61.437901 -8.7 40.962601
4 16 58.725601 -9 36.851299 57.149899 -9 36.833599 50 -9 12.5 69 -9 20
4 16 50 -9 47.5 50 -9 12.5 57.149899 -9 36.833599 57.149899 -9 43.382198
4 16 59.088699 -9 39.764099 58.591999 -9 39.764099 58.591999 -9 37.949501 59.155499 -9 37.930401
3 16 69 -9 20 59.805 -9 36.916 58.725601 -9 36.851299
4 16 59.616299 -9 39.708 59.088699 -9 39.764099 59.155499 -9 37.930401 59.650799 -9 37.987801
4 16 60.0341 -9 39.5397 59.616299 -9 39.708 59.650799 -9 37.987801 60.048401 -9 38.159698
4 16 58.871399 -9 42.333099 58.591999 -9 42.304501 58.591999 -9 40.805099 59.0695 -9 40.805099
4 16 50 -9 47.5 57.149899 -9 43.382198 59.0313 -9 43.402699 69 -9 91
4 16 59.212898 -9 42.342602 59.0695 -9 40.805099 59.5686 -9 40.858799 59.785801 -9 42.2598
4 16 59.785801 -9 42.2598 59.5686 -9 40.858799 59.938702 -9 41.02 60.244202 -9 41.597698
3 16 59.212898 -9 42.342602 58.871399 -9 42.333099 59.0695 -9 40.805099
3 16 69 -9 91 59.0313 -9 43.402699 59.815498 -9 43.362598
4 16 60.048401 -9 38.159698 60.309799 -9 38.448601 60.397099 -9 38.856899 60.0341 -9 39.5397
3 16 60.306301 -9 39.256599 60.0341 -9 39.5397 60.397099 -9 38.856899
3 16 61.2565 -9 37.433899 69 -9 20 61.7579 -9 38.047501
3 16 69 -9 20 61.2565 -9 37.433899 60.648499 -9 37.110298
3 16 61.925098 -9 38.7995 61.7579 -9 38.047501 69 -9 20
3 16 69 -9 20 69 -9 91 61.925098 -9 38.7995
4 16 61.163399 -9 40.166599 61.571602 -9 39.8167 61.437901 -9 40.962601 61.105999 -9 40.639198
4 16 61.8368 -9 39.354698 61.925098 -9 38.7995 69 -9 91 61.638599 -9 41.3508
4 16 61.571602 -9 39.8167 61.8368 -9 39.354698 61.638599 -9 41.3508 61.437901 -9 40.962601
3 16 60.648499 -9 37.110298 59.805 -9 36.916 69 -9 20
3 16 60.645302 -9 40.384899 61.163399 -9 40.166599 61.105999 -9 40.639198
3 16 60.244202 -9 41.597698 60.129501 -9 42.0116 59.785801 -9 42.2598
3 16 60.4491 -9 43.2416 60.931702 -9 43.039799 69 -9 91
3 16 59.938702 -9 41.02 60.167702 -9 41.2719 60.244202 -9 41.597698
3 16 61.361599 -9 42.7174 61.619499 -9 42.297001 69 -9 91
3 16 61.705399 -9 41.779301 69 -9 91 61.619499 -9 42.297001
3 16 61.361599 -9 42.7174 69 -9 91 60.931702 -9 43.039799
3 16 60.4491 -9 43.2416 69 -9 91 59.815498 -9 43.362598
2 24 57.149899 -8.7 36.833599 58.725601 -8.7 36.851299
2 24 59.0313 -8.7 43.402699 57.149899 -8.7 43.382198
2 24 60.0341 -8.7 39.5397 60.306301 -8.7 39.256599
2 24 60.306301 -8.7 39.256599 60.397099 -8.7 38.856899
2 24 60.167702 -8.7 41.2719 59.938702 -8.7 41.02
2 24 61.619499 -8.7 42.297001 61.361599 -8.7 42.7174
2 24 59.650799 -8.7 37.987801 59.155499 -8.7 37.930401
2 24 58.871399 -8.7 42.333099 59.212898 -8.7 42.342602
2 24 59.5686 -8.7 40.858799 59.067101 -8.7 40.805099
2 24 61.925098 -8.7 38.7995 61.8368 -8.7 39.354698
2 24 59.212898 -8.7 42.342602 59.785801 -8.7 42.2598
2 24 60.244202 -8.7 41.597698 60.167702 -8.7 41.2719
2 24 61.705399 -8.7 41.779301 61.619499 -8.7 42.297001
2 24 59.616299 -8.7 39.708 60.0341 -8.7 39.5397
2 24 60.931702 -8.7 43.039799 60.4491 -8.7 43.2416
2 24 61.163399 -8.7 40.166599 60.645302 -8.7 40.384899
2 24 61.8368 -8.7 39.354698 61.571602 -8.7 39.8167
2 24 60.4491 -8.7 43.2416 59.815498 -8.7 43.362598
2 24 59.815498 -8.7 43.362598 59.0313 -8.7 43.402699
2 24 60.397099 -8.7 38.856899 60.309799 -8.7 38.448601
2 24 60.048401 -8.7 38.159698 59.650799 -8.7 37.987801
2 24 60.129501 -8.7 42.0116 60.244202 -8.7 41.597698
2 24 61.2565 -8.7 37.433899 61.7579 -8.7 38.047501
2 24 61.571602 -8.7 39.8167 61.163399 -8.7 40.166599
2 24 59.805 -8.7 36.916 60.648499 -8.7 37.110298
2 24 60.309799 -8.7 38.448601 60.048401 -8.7 38.159698
2 24 59.155499 -8.7 37.930401 58.591999 -8.7 37.949501
2 24 61.105999 -8.7 40.639198 61.437901 -8.7 40.962601
2 24 58.725601 -8.7 36.851299 59.805 -8.7 36.916
2 24 60.648499 -8.7 37.110298 61.2565 -8.7 37.433899
2 24 60.645302 -8.7 40.384899 61.105999 -8.7 40.639198
2 24 59.785801 -8.7 42.2598 60.129501 -8.7 42.0116
2 24 61.7579 -8.7 38.047501 61.925098 -8.7 38.7995
2 24 59.938702 -8.7 41.02 59.5686 -8.7 40.858799
2 24 58.591999 -8.7 42.304501 58.871399 -8.7 42.333099
2 24 61.361599 -8.7 42.7174 60.931702 -8.7 43.039799
2 24 59.0863 -8.7 39.764099 59.616299 -8.7 39.708
2 24 61.437901 -8.7 40.962601 61.638599 -8.7 41.3508
2 24 61.638599 -8.7 41.3508 61.705399 -8.7 41.779301
2 24 57.149899 -9 36.833599 58.725601 -9 36.851299
2 24 59.0313 -9 43.402699 57.149899 -9 43.382198
2 24 60.0341 -9 39.5397 60.306301 -9 39.256599
2 24 60.306301 -9 39.256599 60.397099 -9 38.856899
2 24 60.167702 -9 41.2719 59.938702 -9 41.02
2 24 61.619499 -9 42.297001 61.361599 -9 42.7174
2 24 59.650799 -9 37.987801 59.155499 -9 37.930401
2 24 58.871399 -9 42.333099 59.212898 -9 42.342602
2 24 59.5686 -9 40.858799 59.0695 -9 40.805099
2 24 61.925098 -9 38.7995 61.8368 -9 39.354698
2 24 59.212898 -9 42.342602 59.785801 -9 42.2598
2 24 60.244202 -9 41.597698 60.167702 -9 41.2719
2 24 61.705399 -9 41.779301 61.619499 -9 42.297001
2 24 59.616299 -9 39.708 60.0341 -9 39.5397
2 24 60.931702 -9 43.039799 60.4491 -9 43.2416
2 24 61.163399 -9 40.166599 60.645302 -9 40.384899
2 24 58.591999 -9 39.764099 59.088699 -9 39.764099
2 24 61.8368 -9 39.354698 61.571602 -9 39.8167
2 24 59.0695 -9 40.805099 58.591999 -9 40.805099
2 24 60.4491 -9 43.2416 59.815498 -9 43.362598
2 24 59.815498 -9 43.362598 59.0313 -9 43.402699
2 24 60.397099 -9 38.856899 60.309799 -9 38.448601
2 24 60.048401 -9 38.159698 59.650799 -9 37.987801
2 24 60.129501 -9 42.0116 60.244202 -9 41.597698
2 24 61.2565 -9 37.433899 61.7579 -9 38.047501
2 24 61.571602 -9 39.8167 61.163399 -9 40.166599
2 24 59.805 -9 36.916 60.648499 -9 37.110298
2 24 60.309799 -9 38.448601 60.048401 -9 38.159698
2 24 59.155499 -9 37.930401 58.591999 -9 37.949501
2 24 61.105999 -9 40.639198 61.437901 -9 40.962601
2 24 58.725601 -9 36.851299 59.805 -9 36.916
2 24 60.648499 -9 37.110298 61.2565 -9 37.433899
2 24 60.645302 -9 40.384899 61.105999 -9 40.639198
2 24 59.785801 -9 42.2598 60.129501 -9 42.0116
2 24 61.7579 -9 38.047501 61.925098 -9 38.7995
2 24 59.938702 -9 41.02 59.5686 -9 40.858799
2 24 58.591999 -9 42.304501 58.871399 -9 42.333099
2 24 61.361599 -9 42.7174 60.931702 -9 43.039799
2 24 59.088699 -9 39.764099 59.616299 -9 39.708
2 24 61.437901 -9 40.962601 61.638599 -9 41.3508
2 24 61.638599 -9 41.3508 61.705399 -9 41.779301
5 24 60.129501 -8.7 42.0116 60.129501 -9 42.0116 60.244202 -8.7 41.597698 59.785801 -8.7 42.2598
5 24 60.306301 -8.7 39.256599 60.306301 -9 39.256599 60.0341 -8.7 39.5397 60.397099 -8.7 38.856899
5 24 60.309799 -8.7 38.448601 60.309799 -9 38.448601 60.397099 -8.7 38.856899 60.048401 -8.7 38.159698
2 24 60.645302 -8.7 40.384899 60.645302 -9 40.384899
4 16 60.648499 -9 37.110298 60.648499 -8.7 37.110298 59.805 -8.7 36.916 59.805 -9 36.916
4 16 60.0341 -9 39.5397 60.0341 -8.7 39.5397 59.616299 -8.7 39.708 59.616299 -9 39.708
4 16 60.129501 -9 42.0116 60.129501 -8.7 42.0116 59.785801 -8.7 42.2598 59.785801 -9 42.2598
4 16 57.149899 -9 43.382198 57.149899 -8.7 43.382198 59.0313 -8.7 43.402699 59.0313 -9 43.402699
4 16 61.8368 -9 39.354698 61.8368 -8.7 39.354698 61.925098 -8.7 38.7995 61.925098 -9 38.7995
4 16 58.725601 -9 36.851299 58.725601 -8.7 36.851299 57.149899 -8.7 36.833599 57.149899 -9 36.833599
4 16 59.805 -9 36.916 59.805 -8.7 36.916 58.725601 -8.7 36.851299 58.725601 -9 36.851299
4 16 61.2565 -9 37.433899 61.2565 -8.7 37.433899 60.648499 -8.7 37.110298 60.648499 -9 37.110298
4 16 61.7579 -9 38.047501 61.7579 -8.7 38.047501 61.2565 -8.7 37.433899 61.2565 -9 37.433899
4 16 59.155499 -9 37.930401 59.155499 -8.7 37.930401 59.650799 -8.7 37.987801 59.650799 -9 37.987801
4 16 58.591999 -9 37.949501 58.591999 -8.7 37.949501 59.155499 -8.7 37.930401 59.155499 -9 37.930401
4 16 59.088699 -9 39.764099 59.0863 -8.7 39.764099 58.591999 -8.7 39.764099 58.591999 -9 39.764099
4 16 59.616299 -9 39.708 59.616299 -8.7 39.708 59.0863 -8.7 39.764099 59.088699 -9 39.764099
4 16 60.306301 -9 39.256599 60.306301 -8.7 39.256599 60.0341 -8.7 39.5397 60.0341 -9 39.5397
4 16 60.397099 -9 38.856899 60.397099 -8.7 38.856899 60.306301 -8.7 39.256599 60.306301 -9 39.256599
4 16 60.309799 -9 38.448601 60.309799 -8.7 38.448601 60.397099 -8.7 38.856899 60.397099 -9 38.856899
4 16 60.048401 -9 38.159698 60.048401 -8.7 38.159698 60.309799 -8.7 38.448601 60.309799 -9 38.448601
4 16 59.650799 -9 37.987801 59.650799 -8.7 37.987801 60.048401 -8.7 38.159698 60.048401 -9 38.159698
4 16 60.167702 -9 41.2719 60.167702 -8.7 41.2719 60.244202 -8.7 41.597698 60.244202 -9 41.597698
4 16 59.938702 -9 41.02 59.938702 -8.7 41.02 60.167702 -8.7 41.2719 60.167702 -9 41.2719
4 16 59.5686 -9 40.858799 59.5686 -8.7 40.858799 59.938702 -8.7 41.02 59.938702 -9 41.02
4 16 59.0695 -9 40.805099 59.067101 -8.7 40.805099 59.5686 -8.7 40.858799 59.5686 -9 40.858799
4 16 58.591999 -9 40.805099 58.591999 -8.7 40.805099 59.067101 -8.7 40.805099 59.0695 -9 40.805099
4 16 58.871399 -9 42.333099 58.871399 -8.7 42.333099 58.591999 -8.7 42.304501 58.591999 -9 42.304501
4 16 59.212898 -9 42.342602 59.212898 -8.7 42.342602 58.871399 -8.7 42.333099 58.871399 -9 42.333099
4 16 59.785801 -9 42.2598 59.785801 -8.7 42.2598 59.212898 -8.7 42.342602 59.212898 -9 42.342602
4 16 60.244202 -9 41.597698 60.244202 -8.7 41.597698 60.129501 -8.7 42.0116 60.129501 -9 42.0116
4 16 61.925098 -9 38.7995 61.925098 -8.7 38.7995 61.7579 -8.7 38.047501 61.7579 -9 38.047501
4 16 61.571602 -9 39.8167 61.571602 -8.7 39.8167 61.8368 -8.7 39.354698 61.8368 -9 39.354698
4 16 61.163399 -9 40.166599 61.163399 -8.7 40.166599 61.571602 -8.7 39.8167 61.571602 -9 39.8167
4 16 60.645302 -9 40.384899 60.645302 -8.7 40.384899 61.163399 -8.7 40.166599 61.163399 -9 40.166599
4 16 61.105999 -9 40.639198 61.105999 -8.7 40.639198 60.645302 -8.7 40.384899 60.645302 -9 40.384899
4 16 61.437901 -9 40.962601 61.437901 -8.7 40.962601 61.105999 -8.7 40.639198 61.105999 -9 40.639198
4 16 61.638599 -9 41.3508 61.638599 -8.7 41.3508 61.437901 -8.7 40.962601 61.437901 -9 40.962601
4 16 61.705399 -9 41.779301 61.705399 -8.7 41.779301 61.638599 -8.7 41.3508 61.638599 -9 41.3508
4 16 61.619499 -9 42.297001 61.619499 -8.7 42.297001 61.705399 -8.7 41.779301 61.705399 -9 41.779301
4 16 61.361599 -9 42.7174 61.361599 -8.7 42.7174 61.619499 -8.7 42.297001 61.619499 -9 42.297001
4 16 60.931702 -9 43.039799 60.931702 -8.7 43.039799 61.361599 -8.7 42.7174 61.361599 -9 42.7174
4 16 60.4491 -9 43.2416 60.4491 -8.7 43.2416 60.931702 -8.7 43.039799 60.931702 -9 43.039799
4 16 59.815498 -9 43.362598 59.815498 -8.7 43.362598 60.4491 -8.7 43.2416 60.4491 -9 43.2416
4 16 59.0313 -9 43.402699 59.0313 -8.7 43.402699 59.815498 -8.7 43.362598 59.815498 -9 43.362598
5 24 59.155499 -8.7 37.930401 59.155499 -9 37.930401 58.591999 -8.7 37.949501 59.650799 -8.7 37.987801
5 24 59.0863 -8.7 39.764099 59.088699 -9 39.764099 59.616299 -8.7 39.708 58.591999 -8.7 39.764099
5 24 59.616299 -8.7 39.708 59.616299 -9 39.708 60.0341 -8.7 39.5397 59.0863 -8.7 39.764099
5 24 60.0341 -8.7 39.5397 60.0341 -9 39.5397 60.306301 -8.7 39.256599 59.616299 -8.7 39.708
5 24 60.397099 -8.7 38.856899 60.397099 -9 38.856899 60.309799 -8.7 38.448601 60.306301 -8.7 39.256599
5 24 60.048401 -8.7 38.159698 60.048401 -9 38.159698 59.650799 -8.7 37.987801 60.309799 -8.7 38.448601
5 24 59.650799 -8.7 37.987801 59.650799 -9 37.987801 60.048401 -8.7 38.159698 59.155499 -8.7 37.930401
5 24 60.167702 -8.7 41.2719 60.167702 -9 41.2719 59.938702 -8.7 41.02 60.244202 -8.7 41.597698
5 24 59.938702 -8.7 41.02 59.938702 -9 41.02 59.5686 -8.7 40.858799 60.167702 -8.7 41.2719
5 24 59.5686 -8.7 40.858799 59.5686 -9 40.858799 59.067101 -8.7 40.805099 59.938702 -8.7 41.02
5 24 59.067101 -8.7 40.805099 59.0695 -9 40.805099 58.591999 -8.7 40.805099 59.5686 -8.7 40.858799
5 24 58.871399 -8.7 42.333099 58.871399 -9 42.333099 59.212898 -8.7 42.342602 58.591999 -8.7 42.304501
5 24 59.212898 -8.7 42.342602 59.212898 -9 42.342602 59.785801 -8.7 42.2598 58.871399 -8.7 42.333099
5 24 59.785801 -8.7 42.2598 59.785801 -9 42.2598 60.129501 -8.7 42.0116 59.212898 -8.7 42.342602
5 24 60.244202 -8.7 41.597698 60.244202 -9 41.597698 60.129501 -8.7 42.0116 60.167702 -8.7 41.2719
5 24 61.925098 -8.7 38.7995 61.925098 -9 38.7995 61.8368 -8.7 39.354698 61.7579 -8.7 38.047501
5 24 61.8368 -8.7 39.354698 61.8368 -9 39.354698 61.571602 -8.7 39.8167 61.925098 -8.7 38.7995
5 24 61.571602 -8.7 39.8167 61.571602 -9 39.8167 61.163399 -8.7 40.166599 61.8368 -8.7 39.354698
5 24 61.163399 -8.7 40.166599 61.163399 -9 40.166599 60.645302 -8.7 40.384899 61.571602 -8.7 39.8167
5 24 61.105999 -8.7 40.639198 61.105999 -9 40.639198 61.437901 -8.7 40.962601 60.645302 -8.7 40.384899
5 24 61.437901 -8.7 40.962601 61.437901 -9 40.962601 61.638599 -8.7 41.3508 61.105999 -8.7 40.639198
5 24 61.638599 -8.7 41.3508 61.638599 -9 41.3508 61.705399 -8.7 41.779301 61.437901 -8.7 40.962601
5 24 61.705399 -8.7 41.779301 61.705399 -9 41.779301 61.619499 -8.7 42.297001 61.638599 -8.7 41.3508
5 24 61.619499 -8.7 42.297001 61.619499 -9 42.297001 61.361599 -8.7 42.7174 61.705399 -8.7 41.779301
5 24 61.361599 -8.7 42.7174 61.361599 -9 42.7174 60.931702 -8.7 43.039799 61.619499 -8.7 42.297001
5 24 60.931702 -8.7 43.039799 60.931702 -9 43.039799 60.4491 -8.7 43.2416 61.361599 -8.7 42.7174
5 24 60.4491 -8.7 43.2416 60.4491 -9 43.2416 59.815498 -8.7 43.362598 60.931702 -8.7 43.039799
5 24 59.815498 -8.7 43.362598 59.815498 -9 43.362598 59.0313 -8.7 43.402699 60.4491 -8.7 43.2416
5 24 59.0313 -8.7 43.402699 59.0313 -9 43.402699 57.149899 -9 43.382198 59.815498 -8.7 43.362598
5 24 61.2565 -9 37.433899 61.2565 -8.7 37.433899 60.648499 -8.7 37.110298 61.7579 -9 38.047501
5 24 60.648499 -9 37.110298 60.648499 -8.7 37.110298 59.805 -8.7 36.916 61.2565 -9 37.433899
5 24 59.805 -8.7 36.916 59.805 -9 36.916 58.725601 -8.7 36.851299 60.648499 -9 37.110298
5 24 61.7579 -9 38.047501 61.7579 -8.7 38.047501 61.925098 -9 38.7995 61.2565 -8.7 37.433899
5 24 58.725601 -9 36.851299 58.725601 -8.7 36.851299 59.805 -9 36.916 57.149899 -8.7 36.833599

0 // F
3 16 57.291199 -8.7 -43.286999 58.757099 -8.7 -43.286999 58.757099 -8.7 -40.6908
4 16 58.757099 -8.7 -39.502602 57.291199 -8.7 -36.829601 57.291199 -8.7 -43.286999 58.757099 -8.7 -40.6908
1 16 59.9164 -8.7 -40.0967 0 0 1.15925 0 1 0 -0.5941 0 0 rect3.dat
3 16 57.291199 -8.7 -36.829601 58.757099 -8.7 -39.502602 58.757099 -8.7 -38.027199
4 16 58.757099 -8.7 -38.027199 61.2384 -8.7 -38.027199 61.2384 -8.7 -36.829601 57.291199 -8.7 -36.829601
3 16 50 -9 -47.5 58.757099 -9 -43.286999 57.291199 -9 -43.286999
4 16 50 -9 -47.5 57.291199 -9 -43.286999 57.291199 -9 -36.829601 50 -9 -27.5
4 16 69 -9 -20 50 -9 -27.5 57.291199 -9 -36.829601 61.2384 -9 -36.829601
4 16 61.0756 -9 -40.6908 58.757099 -9 -40.6908 58.757099 -9 -43.286999 69 -9 -91
4 16 61.0756 -9 -39.502602 61.0756 -9 -40.6908 69 -9 -91 69 -9 -20
4 16 58.757099 -9 -38.027199 58.757099 -9 -39.502602 61.0756 -9 -39.502602 61.2384 -9 -38.027199
3 16 69 -9 -20 61.2384 -9 -36.829601 61.2384 -9 -38.027199
3 16 61.2384 -9 -38.027199 61.0756 -9 -39.502602 69 -9 -20
1 16 61.2384 -8.85 -37.4284 0 1 0 0.15 0 0 0 0 -0.5988 rect.dat
1 16 59.2648 -8.85 -36.8296 0 0 -1.9736 -0.15 0 0 0 1 0 rect3.dat
1 16 57.2912 -8.85 -40.0583 0 -1 0 -0.15 0 0 0 0 -3.2287 rect3.dat
1 16 58.0242 -8.85 -43.287 0 0 0.73295 -0.15 0 0 0 -1 0 rect3.dat
1 16 58.7571 -8.85 -41.9889 0 1 0 -0.15 0 0 0 0 1.2981 rect3.dat
1 16 59.9164 -8.85 -40.6908 0 0 1.15925 -0.15 0 0 0 -1 0 rect2a.dat
1 16 61.0756 -8.85 -40.0967 0 1 0 -0.15 0 0 0 0 0.5941 rect2a.dat
1 16 59.9164 -8.85 -39.5026 0 0 -1.15925 -0.15 0 0 0 1 0 rect2a.dat
1 16 58.7571 -8.85 -38.7649 0 1 0 -0.15 0 0 0 0 0.7377 rect3.dat
1 16 59.9978 -8.85 -38.0272 -1.24065 0 0 0 0 -0.15 0 -1 0 rect2p.dat

0 // E
4 16 -61.6124 -8.7 -43.176998 -60.1465 -8.7 -41.979401 -60.1465 -8.7 -40.4464 -61.6124 -8.7 -36.719601
4 16 -60.1465 -8.7 -41.979401 -61.6124 -8.7 -43.176998 -57.492699 -8.7 -43.176998 -57.492699 -8.7 -41.979401
3 16 -61.6124 -8.7 -36.719601 -60.1465 -8.7 -39.258499 -60.1465 -8.7 -37.917198
3 16 -60.1465 -8.7 -39.258499 -61.6124 -8.7 -36.719601 -60.1465 -8.7 -40.4464
4 16 -57.626801 -8.7 -36.719601 -61.6124 -8.7 -36.719601 -60.1465 -8.7 -37.917198 -57.626801 -8.7 -37.917198
1 16 -58.9586 -8.7 -39.8525 0 0 1.18795 0 1 0 -0.59395 0 0 rect3.dat
4 16 -69 -9 -91 -61.6124 -9 -43.176998 -61.6124 -9 -36.719601 -69 -9 -20
4 16 -57.770599 -9 -40.4464 -60.1465 -9 -40.4464 -60.1465 -9 -41.979401 -57.492699 -9 -41.979401
4 16 -50 -9 -12.5 -69 -9 -20 -61.6124 -9 -36.719601 -57.626801 -9 -36.719601
4 16 -60.1465 -9 -37.917198 -60.1465 -9 -39.258499 -57.770599 -9 -39.258499 -57.626801 -9 -37.917198
4 16 -57.770599 -9 -40.4464 -57.492699 -9 -41.979401 -50 -9 -47.5 -50 -9 -12.5
3 16 -50 -9 -47.5 -57.492699 -9 -41.979401 -57.492699 -9 -43.176998
3 16 -57.492699 -9 -43.176998 -61.6124 -9 -43.176998 -50 -9 -47.5
4 16 -50 -9 -12.5 -57.626801 -9 -37.917198 -57.770599 -9 -39.258499 -57.770599 -9 -40.4464
3 16 -50 -9 -12.5 -57.626801 -9 -36.719601 -57.626801 -9 -37.917198
1 16 -58.8867 -8.85 -37.9172 0 0 -1.25985 0.15 0 0 0 -1 0 rect.dat
1 16 -57.6268 -8.85 -37.3184 0 1 0 -0.15 0 0 0 0 0.5988 rect3.dat
1 16 -59.6196 -8.85 -36.7196 0 0 -1.9928 -0.15 0 0 0 1 0 rect3.dat
1 16 -61.6124 -8.85 -39.9483 0 -1 0 -0.15 0 0 0 0 -3.2287 rect3.dat
1 16 -59.5526 -8.85 -43.177 0 0 2.05985 -0.15 0 0 0 -1 0 rect3.dat
1 16 -57.4927 -8.85 -42.5782 0 1 0 -0.15 0 0 0 0 0.5988 rect3.dat
1 16 -58.8196 -8.85 -41.9794 0 0 -1.3269 -0.15 0 0 0 1 0 rect3.dat
1 16 -60.1465 -8.85 -41.2129 0 1 0 -0.15 0 0 0 0 0.7665 rect3.dat
1 16 -58.9586 -8.85 -40.4464 0 0 1.18795 -0.15 0 0 0 -1 0 rect2a.dat
1 16 -57.7706 -8.85 -39.8525 0 1 0 -0.15 0 0 0 0 0.59395 rect2a.dat
1 16 -58.9586 -8.85 -39.2585 0 0 -1.18795 -0.15 0 0 0 1 0 rect2a.dat
1 16 -60.1465 -8.85 -38.5879 0 1 0 0 0 -0.15 -0.67065 0 0 rect2p.dat

2 24 -8 -3.5 109 -9.5 -2 109
2 24 -9.5 0 109 -6 3.5 109
2 24 6 3.5 109 9.5 0 109
2 24 9.5 -2 109 8 -3.5 109
2 24 -8 -3.5 109 8 -3.5 109
2 24 9.5 0 109 9.5 -2 109
2 24 -6 3.5 109 6 3.5 109
2 24 -9.5 0 109 -9.5 -2 109
2 24 -8 -3.5 106 -9.5 -2 106
2 24 -9.5 0 106 -6 3.5 106
2 24 6 3.5 106 9.5 0 106
2 24 9.5 -2 106 8 -3.5 106
2 24 -8 -3.5 106 8 -3.5 106
2 24 9.5 0 106 9.5 -2 106
2 24 -6 3.5 106 6 3.5 106
2 24 -9.5 0 106 -9.5 -2 106
4 16 -6 3.5 106 -6 3.5 109 -9.5 0 109 -9.5 0 106
4 16 6 3.5 106 6 3.5 109 -6 3.5 109 -6 3.5 106
4 16 -9.5 -2 106 -9.5 -2 109 -8 -3.5 109 -8 -3.5 106
4 16 -9.5 0 106 -9.5 0 109 -9.5 -2 109 -9.5 -2 106
4 16 9.5 0 106 9.5 0 109 6 3.5 109 6 3.5 106
4 16 8 -3.5 106 8 -3.5 109 9.5 -2 109 9.5 -2 106
4 16 -8 -3.5 106 -8 -3.5 109 8 -3.5 109 8 -3.5 106
4 16 9.5 -2 106 9.5 -2 109 9.5 0 109 9.5 0 106
5 24 8 -3.5 109 8 -3.5 106 -8 -3.5 109 9.5 -2 109
5 24 -8 -3.5 109 -8 -3.5 106 -9.5 -2 109 8 -3.5 109
5 24 9.5 -2 109 9.5 -2 106 8 -3.5 109 9.5 0 109
5 24 -6 3.5 109 -6 3.5 106 6 3.5 109 -9.5 0 109
5 24 6 3.5 109 6 3.5 106 9.5 0 109 -6 3.5 109
5 24 -9.5 -2 109 -9.5 -2 106 -9.5 0 109 -8 -3.5 109
5 24 -9.5 0 109 -9.5 0 106 -6 3.5 109 -9.5 -2 109
5 24 9.5 0 109 9.5 0 106 6 3.5 109 9.5 -2 109
0 BFC INVERTNEXT
1 16 -17 0 109 1.5 0 0 0 0 1.5 0 -3 0 4-4cylo.dat
1 16 -17 0 109 1.5 0 0 0 0 1.5 0 -1 0 4-4ndis.dat
1 16 -17 0 106 1.5 0 0 0 0 1.5 0 1 0 4-4ndis.dat
4 16 9.5 -2 109 51 -9 109 53 8 109 9.5 0 109
4 16 -15.5 -1.5 109 -9.5 -2 109 -9.5 0 109 -15.5 1.5 109
4 16 -53 8 109 -51 -9 109 -18.5 -1.5 109 -18.5 1.5 109
4 16 -9.5 -2 109 -15.5 -1.5 109 -18.5 -1.5 109 -51 -9 109
4 16 -18.5 1.5 109 -15.5 1.5 109 -6 3.5 109 -53 8 109
4 16 -6 3.5 109 6 3.5 109 53 8 109 -53 8 109
4 16 51 -9 109 8 -3.5 109 -8 -3.5 109 -51 -9 109
3 16 51 -9 109 9.5 -2 109 8 -3.5 109
3 16 6 3.5 109 9.5 0 109 53 8 109
3 16 -9.5 0 109 -6 3.5 109 -15.5 1.5 109
3 16 -8 -3.5 109 -9.5 -2 109 -51 -9 109
4 16 51.25 10 106 51.25 -6 106 9.5 -2 106 9.5 0 106
4 16 -9.5 0 106 -9.5 -2 106 -15.5 -1.5 106 -15.5 1.5 106
4 16 -18.5 -1.5 106 -51.25 -6 106 -51.25 10 106 -18.5 1.5 106
4 16 -18.5 -1.5 106 -15.5 -1.5 106 -9.5 -2 106 -51.25 -6 106
4 16 -6 3.5 106 -15.5 1.5 106 -18.5 1.5 106 -51.25 10 106
4 16 51.25 10 106 6 3.5 106 -6 3.5 106 -51.25 10 106
4 16 -8 -3.5 106 8 -3.5 106 51.25 -6 106 -51.25 -6 106
3 16 9.5 -2 106 51.25 -6 106 8 -3.5 106
3 16 9.5 0 106 6 3.5 106 51.25 10 106
3 16 -6 3.5 106 -9.5 0 106 -15.5 1.5 106
3 16 -9.5 -2 106 -8 -3.5 106 -51.25 -6 106
1 16 57.1499 -8.85 40.1079 0 -1 0 -0.15 0 0 0 0 -3.2743 rect.dat
1 16 58.592 -8.85 38.8568 0 1 0 0 0 0.15 0.9073 0 0 rect.dat
1 16 58.592 -8.85 41.5548 0 1 0 -0.15 0 0 0 0 0.7497 rect.dat
