0 ~Electric Spike Prime Large Motor Back Half
0 Name: s\u9390s01.dat
0 Author: Philippe Hurbain [Philo]
0 !LDRAW_ORG Unofficial_Subpart
0 !LICENSE Redistributable under CCAL version 2.0 : see CAreadme.txt

0 BFC CERTIFY CCW

4 16 49 -29 -90 47 -27 -90 47 27 -90 49 29 -90
4 16 50 13.636 6.364 50 11 9 50 -11 9 50 -13.636 6.364
1 16 49.5 0 -9 -0.5 0 0 0 0 11 0 1 0 rect.dat
2 24 49 -29 -90 49 29 -90
1 16 40 0 0 1 0 0 0 0 1 0 -1 0 connhol3.dat
1 16 40 0 10 -9 0 0 0 0 -9 0 -1 0 4-4cylo.dat
1 16 40 0 9 -9 0 0 0 0 -9 0 -1 0 4-4ndis.dat
2 24 50 -20 9 50 20 9
1 16 30 0 6 0 1 0 0 0 12 1 0 0 rect1.dat
1 16 30.5 0 8 0 1 0.5 -12 0 0 0 0 1 rect3.dat
1 16 40 0 -8 6 0 0 0 0 6 0 1 0 4-4ndis.dat
4 16 34 6 -8 34 -6 -8 32 -12 -8 32 12 -8
1 16 40 0 0 1 0 0 0 0 1 0 -1 0 s\u9365s02.dat
2 24 47 -27 -90 39 -27 -90
2 24 49 -29 -90 39 -29 -90
4 16 47 -27 -90 49 -29 -90 39 -29 -90 39 -27 -90
1 16 36.5 -28 -87.5 2.5 1 0 0 0 -1 -2.5 0 0 rect.dat
1 16 40 -20 0 0 -1 0 0 0 1 -1 0 0 connhol3.dat
1 16 50 -20 0 0 -1 0 -9 0 0 0 0 -9 1-8ndis.dat
1 16 50 -20 0 0 -1 0 0 0 9 9 0 0 1-8ndis.dat
1 16 50 -20 0 0 -18 0 0 0 -9 9 0 0 1-4cylo.dat
1 16 30 -20 0 0 -1 0 0 0 -5 5 0 0 1-4chrd.dat
2 24 30 -25 0 30 -25 -9
2 24 32 -23 -7 32 -29 -13
2 24 32 -12 9 32 -12 -7
2 24 30 -12 7 30 -12 -7
2 24 32 -29 0 32 -29 -13
2 24 32 -20 9 32 -12 9
1 16 32 -20 0 0 1 0 0 0 6 6 0 0 3-4ndis.dat
1 16 32 -20 0 0 1 0 0 0 -3 3 0 0 1-4ring2.dat
4 16 32 -29 -13 32 -29 0 32 -26 0 32 -26 -6
3 16 32 -29 -13 32 -26 -6 32 -23 -7
4 16 32 -26 -6 32 -14 -6 32 -12 -7 32 -23 -7
4 16 32 -12 -7 32 -14 -6 32 -14 6 32 -12 9
4 16 32 -14 6 32 -20 6 32 -20 9 32 -12 9
2 24 31 -12 9 32 -12 9
4 16 50 -20 9 50 -11 9 32 -12 9 32 -20 9
2 24 30 -25 -9 30 -23 -7
4 16 32 -23 -7 30 -23 -7 30 -25 -9 32 -29 -13
1 16 31 -17.5 -7 -1 0 0 0 0 -5.5 0 -1 0 rect.dat
4 16 30 -12 7 30 -12 -7 32 -12 -7 32 -12 9
3 16 31 -12 9 30 -12 7 32 -12 9
4 16 30 -12 -7 30 -12 5 30 -20 5 30 -25 -9
3 16 30 -25 0 30 -25 -9 30 -20 5
1 16 40 -20 -40 0 -1 0 1 0 0 0 0 1 connhol3.dat
1 16 40 -20 -20 1 0 0 0 1 0 0 0 1 s\u9365s02.dat
1 16 40 -20 -20 0 0 1 0 1 0 -1 0 0 connhol3.dat
1 16 40 -20 -60 1 0 0 0 1 0 0 0 1 connhol3.dat
1 16 33.636 -20 -40 0 12.7279 0 0 0 -9 -9 0 0 1-4cylo.dat
1 16 40 -30 -60 6.36396 0 -6.36396 0 16 0 6.36396 0 6.36396 1-4cylo.dat
1 16 40 -17 -49 -6.36395 0 0 0 0 3 0 1 0 rect3.dat
2 24 46.363998 -14 -53.636002 46.363899 -14 -49
2 24 33.636002 -14 -53.636002 33.636101 -14 -49
3 16 46.363998 -29 -40 46.363899 -23.4443 -48.315102 46.363998 -30 -53.633099
4 16 46.363899 -23.4443 -48.315102 46.363899 -14 -49 46.363998 -14 -53.700001 46.363998 -30 -53.633099
3 16 33.636101 -23.4443 -48.315102 33.636002 -29 -40 33.636002 -30 -53.633099
4 16 33.636002 -14 -53.700001 33.636002 -14 -49 33.636101 -23.4443 -48.315102 33.636002 -30 -53.633099
4 16 33.636002 -14 -49 33.636002 -14 -53.700001 46.363998 -14 -53.700001 46.363899 -14 -49
2 24 33.636002 -14 -53.636002 33.636002 -30 -53.630001
2 24 46.363998 -14 -53.636002 46.363899 -30 -53.636101
1 16 40 -30 -20 6.36396 0 -6.36396 0 1 0 -6.36396 0 -6.36396 1-4cylo.dat
2 24 33.636002 -30 -26.364 33.636002 -29 -26.364
2 24 46.363899 -30 -26.363899 46.363998 -29 -26.364
4 16 46.363899 -30 -26.363899 46.363998 -29 -26.364 46.363899 -29 -40 46.363899 -30 -53.636101
4 16 33.636002 -29 -40 33.636002 -29 -26.364 33.636002 -30 -26.364 33.636002 -30 -53.633099
2 24 46.363998 -29 -26.364 46.363899 -29 -40
2 24 33.636002 -29 -26.364 33.636002 -29 -40
2 24 46.363899 -30 -26.363899 46.363899 -30 -53.636101
2 24 33.636002 -30 -26.364 33.636002 -30 -53.633099
4 16 33.636002 -29 -40 46.363899 -29 -40 46.363899 -29 -29 33.636002 -29 -29
3 16 46.363998 -29 -26.364 40 -29 -28.999901 46.363899 -29 -29
3 16 33.636002 -29 -29 40 -29 -28.999901 33.636002 -29 -26.364
1 16 50 -20 -40 0 -1 0 -9 0 0 0 0 9 1-8ndis.dat
4 16 50 -26.364 -6.37 50 -29 -9 50 -29 -31 50 -26.364 -33.636002
1 16 40 -30 -20 -9 0 0 0 1 0 0 0 9 2-4cylo.dat
1 16 40 -30 -60 -9 0 0 0 1 0 0 0 -9 2-4cylo.dat
1 16 40 -30 -20 -9 0 0 0 1 0 0 0 -9 1-8ndis.dat
1 16 40 -30 -60 -9 0 0 0 1 0 0 0 9 1-8ndis.dat
1 16 40 -30 -20 9 0 0 0 1 0 0 0 -9 1-8ndis.dat
1 16 40 -30 -60 9 0 0 0 1 0 0 0 9 1-8ndis.dat
4 16 49 -30 -29 46.363899 -30 -26.363899 46.363899 -30 -53.636101 49 -30 -51
4 16 33.636002 -30 -26.364 31 -30 -29 31 -30 -51 33.636002 -30 -53.633099
3 16 31 -12 9 32 -12 9 31 -9 9
4 16 31 -9 9 32 -12 9 50 -11 9 49 -9 9
1 16 49.5 -11 -24.5 0 0 0.5 0 -1 0 15.5 0 0 rect2p.dat
1 16 50 -20 -40 0 -1 0 -9 0 0 0 0 -9 2-4cylo.dat
1 16 49 -29.5 -40 0 -1 0 -0.5 0 0 0 0 -20 rect1.dat
1 16 31 -29.5 -40 0 1 0 0 0 0.5 20 0 0 rect2p.dat
1 16 50 -20 -40 0 -1 0 9 0 0 0 0 9 1-8ndis.dat
4 16 50 -13.6361 -33.636101 50 -11 -31 50 -11 -9 50 -13.6361 -6.3639
2 24 50 -29 -40 50 -29 0
4 16 50 -29 0 32 -29 0 32 -29 -9 50 -29 -9
3 16 31 -29 -20 33.636101 -29 -13.6361 32 -29 -13
4 16 32 -29 -9 32 -29 -13 33.636101 -29 -13.6361 40 -29 -11
3 16 32 -29 -9 40 -29 -11 50 -29 -9
3 16 50 -29 -9 40 -29 -11 46.363899 -29 -13.6361
3 16 50 -29 -9 46.363899 -29 -13.6361 49 -29 -20
4 16 49 -29 -20 49 -29 -40 50 -29 -40 50 -29 -9
2 24 49 -29 -20 49 -29 -90
4 16 49 -29 -60 46.363899 -29 -66.363899 39 -29 -90 49 -29 -90
4 16 39 -29 -90 46.363899 -29 -66.363899 40 -29 -69 34 -29 -85
3 16 40 -29 -69 33.636101 -29 -66.363899 34 -29 -85
4 16 34 -29 -85 33.636101 -29 -66.363899 31 -29 -60 9.3 -29 -60.299999
3 16 49 -26.363899 -46.363899 49 -29 -40 49 -29 -90
3 16 49 -26.363899 -46.363899 49 -29 -90 49 -20 -49
3 16 49 -20 -49 49 -29 -90 49 -13.6361 -46.363899
2 24 47 27 -90 39 27 -90
2 24 49 29 -90 39 29 -90
4 16 39 29 -90 49 29 -90 47 27 -90 39 27 -90
1 16 36.5 28 -87.5 0 1 -2.5 -1 0 0 0 0 2.5 rect.dat
1 16 40 20 0 0 -1 0 0 0 -1 -1 0 0 connhol3.dat
1 16 50 20 0 0 -1 0 9 0 0 0 0 -9 1-8ndis.dat
1 16 50 20 0 0 -1 0 0 0 -9 9 0 0 1-8ndis.dat
1 16 50 20 0 0 -18 0 0 0 9 9 0 0 1-4cylo.dat
1 16 30 20 0 0 -1 0 0 0 5 5 0 0 1-4chrd.dat
2 24 30 25 0 30 25 -9
2 24 32 23 -7 32 29 -13
2 24 32 12 9 32 12 -7
2 24 30 12 7 30 12 -7
2 24 32 29 0 32 29 -13
2 24 32 20 9 32 12 9
1 16 32 20 0 0 1 0 0 0 -6 6 0 0 3-4ndis.dat
1 16 32 20 0 0 1 0 0 0 3 3 0 0 1-4ring2.dat
4 16 32 26 0 32 29 0 32 29 -13 32 26 -6
3 16 32 26 -6 32 29 -13 32 23 -7
4 16 32 12 -7 32 14 -6 32 26 -6 32 23 -7
4 16 32 14 6 32 14 -6 32 12 -7 32 12 9
4 16 32 20 9 32 20 6 32 14 6 32 12 9
2 24 31 12 9 32 12 9
4 16 32 12 9 50 11 9 50 20 9 32 20 9
2 24 30 25 -9 30 23 -7
4 16 30 25 -9 30 23 -7 32 23 -7 32 29 -13
1 16 31 17.5 -7 0 0 1 -5.5 0 0 0 -1 0 rect.dat
4 16 32 12 -7 30 12 -7 30 12 7 32 12 9
3 16 30 12 7 31 12 9 32 12 9
4 16 30 20 5 30 12 5 30 12 -7 30 25 -9
3 16 30 25 -9 30 25 0 30 20 5
1 16 40 20 -40 0 -1 0 -1 0 0 0 0 1 connhol3.dat
1 16 40 20 -20 1 0 0 0 -1 0 0 0 1 s\u9365s02.dat
1 16 40 20 -20 0 0 1 0 -1 0 -1 0 0 connhol3.dat
1 16 40 20 -60 1 0 0 0 -1 0 0 0 1 connhol3.dat
1 16 33.636 20 -40 0 12.7279 0 0 0 9 -9 0 0 1-4cylo.dat
1 16 40 30 -60 6.36396 0 -6.36396 0 -16 0 6.36396 0 6.36396 1-4cylo.dat
1 16 40 17 -49 -6.36395 0 0 0 0 -3 0 1 0 rect3.dat
2 24 46.363998 14 -53.636002 46.363899 14 -49
2 24 33.636002 14 -53.636002 33.636101 14 -49
3 16 46.363899 23.4443 -48.315102 46.363998 29 -40 46.363998 30 -53.633099
4 16 46.363998 14 -53.700001 46.363899 14 -49 46.363899 23.4443 -48.315102 46.363998 30 -53.633099
3 16 33.636002 29 -40 33.636101 23.4443 -48.315102 33.636002 30 -53.633099
4 16 33.636101 23.4443 -48.315102 33.636002 14 -49 33.636002 14 -53.700001 33.636002 30 -53.633099
4 16 46.363998 14 -53.700001 33.636002 14 -53.700001 33.636002 14 -49 46.363899 14 -49
2 24 33.636002 14 -53.636002 33.636002 30 -53.630001
2 24 46.363998 14 -53.636002 46.363899 30 -53.636101
1 16 40 30 -20 6.36396 0 -6.36396 0 -1 0 -6.36396 0 -6.36396 1-4cylo.dat
2 24 33.636002 30 -26.364 33.636002 29 -26.364
2 24 46.363899 30 -26.363899 46.363998 29 -26.364
4 16 46.363899 29 -40 46.363998 29 -26.364 46.363899 30 -26.363899 46.363899 30 -53.636101
4 16 33.636002 30 -26.364 33.636002 29 -26.364 33.636002 29 -40 33.636002 30 -53.633099
2 24 46.363998 29 -26.364 46.363899 29 -40
2 24 33.636002 29 -26.364 33.636002 29 -40
2 24 46.363899 30 -26.363899 46.363899 30 -53.636101
2 24 33.636002 30 -26.364 33.636002 30 -53.633099
4 16 46.363899 29 -29 46.363899 29 -40 33.636002 29 -40 33.636002 29 -29
3 16 40 29 -28.999901 46.363998 29 -26.364 46.363899 29 -29
3 16 40 29 -28.999901 33.636002 29 -29 33.636002 29 -26.364
1 16 50 20 -40 0 -1 0 9 0 0 0 0 9 1-8ndis.dat
4 16 50 29 -31 50 29 -9 50 26.364 -6.37 50 26.364 -33.636002
1 16 40 30 -20 -9 0 0 0 -1 0 0 0 9 2-4cylo.dat
1 16 40 30 -60 -9 0 0 0 -1 0 0 0 -9 2-4cylo.dat
1 16 40 30 -20 -9 0 0 0 -1 0 0 0 -9 1-8ndis.dat
1 16 40 30 -60 -9 0 0 0 -1 0 0 0 9 1-8ndis.dat
1 16 40 30 -20 9 0 0 0 -1 0 0 0 -9 1-8ndis.dat
1 16 40 30 -60 9 0 0 0 -1 0 0 0 9 1-8ndis.dat
4 16 46.363899 30 -53.636101 46.363899 30 -26.363899 49 30 -29 49 30 -51
4 16 31 30 -51 31 30 -29 33.636002 30 -26.364 33.636002 30 -53.633099
3 16 32 12 9 31 12 9 31 9 9
4 16 50 11 9 32 12 9 31 9 9 49 9 9
1 16 49.5 11 -24.5 0 0 0.5 0 1 0 -15.5 0 0 rect2p.dat
1 16 50 20 -40 0 -1 0 9 0 0 0 0 -9 2-4cylo.dat
1 16 49 29.5 -40 0 -1 0 0.5 0 0 0 0 20 rect1.dat
1 16 31 29.5 -40 0 1 0 0 0 -0.5 -20 0 0 rect2p.dat
1 16 50 20 -40 0 -1 0 -9 0 0 0 0 9 1-8ndis.dat
4 16 50 11 -9 50 11 -31 50 13.6361 -33.636101 50 13.6361 -6.3639
2 24 50 29 -40 50 29 0
4 16 32 29 -9 32 29 0 50 29 0 50 29 -9
3 16 33.636101 29 -13.6361 31 29 -20 32 29 -13
4 16 33.636101 29 -13.6361 32 29 -13 32 29 -9 40 29 -11
3 16 40 29 -11 32 29 -9 50 29 -9
3 16 40 29 -11 50 29 -9 46.363899 29 -13.6361
3 16 46.363899 29 -13.6361 50 29 -9 49 29 -20
4 16 50 29 -40 49 29 -40 49 29 -20 50 29 -9
2 24 49 29 -20 49 29 -90
4 16 39 29 -90 46.363899 29 -66.363899 49 29 -60 49 29 -90
4 16 40 29 -69 46.363899 29 -66.363899 39 29 -90 34 29 -85
3 16 33.636101 29 -66.363899 40 29 -69 34 29 -85
3 16 33.636101 29 -66.363899 34 29 -85 31 29 -60
3 16 49 29 -40 49 26.363899 -46.363899 49 29 -90
3 16 49 29 -90 49 26.363899 -46.363899 49 20 -49
3 16 49 29 -90 49 20 -49 49 13.6361 -46.363899
4 16 49 -29 -90 49 29 -90 49 13.6361 -46.363899 49 -13.6361 -46.363899
4 16 49 -11 -40 49 -13.6361 -46.363899 49 13.6361 -46.363899 49 11 -40
4 16 49 -11 -40 49 11 -40 49 11 -9 49 -11 -9
4 16 50 -13.6361 -6.3639 50 -11 -9 50 11 -9 50 13.6331 -6.364
4 16 49 9 9 49 -9 9 50 -11 9 50 11 9
4 16 47 -27 -68 47 -27 -90 39 -27 -90 34 -27 -85
1 16 39.5 -19.5 -68 0 0 7.5 7.5 0 0 0 1 0 rect.dat
2 24 32 -12 -8 47 -12 -8
1 16 40 -12 -20 6 0 0 0 -1 0 0 0 6 4-4ndis.dat
1 16 40 -12 -60 6 0 0 0 -1 0 0 0 6 4-4ndis.dat
4 16 34 -12 -54 34 -12 -26 46 -12 -26 46 -12 -54
4 16 32 -12 -68 32 -12 -8 34 -12 -14 34 -12 -66
4 16 47 -12 -68 46 -12 -66 46 -12 -14 47 -12 -8
4 16 32 -12 -8 47 -12 -8 46 -12 -14 34 -12 -14
4 16 32 -12 -68 34 -12 -66 46 -12 -66 47 -12 -68
2 24 32 -12 -8 32 -12 -68
4 16 47 -12 -8 32 -12 -8 34 -6 -8 46 -6 -8
1 16 32 -20 -40 0 1 0 6 0 0 0 0 6 4-4ndis.dat
4 16 32 -14 -46 32 -14 -34 32 -12 -8 32 -12 -68
4 16 32 -14 -46 32 -12 -68 32 -27 -68 32 -26 -46
4 16 39 27 -90 47 27 -90 47 27 -68 34 27 -85
1 16 39.5 19.5 -68 -7.5 0 0 0 0 7.5 0 1 0 rect.dat
2 24 32 12 -8 47 12 -8
1 16 40 12 -20 6 0 0 0 1 0 0 0 6 4-4ndis.dat
1 16 40 12 -60 6 0 0 0 1 0 0 0 6 4-4ndis.dat
4 16 46 12 -26 34 12 -26 34 12 -54 46 12 -54
4 16 34 12 -14 32 12 -8 32 12 -68 34 12 -66
4 16 46 12 -14 46 12 -66 47 12 -68 47 12 -8
4 16 46 12 -14 47 12 -8 32 12 -8 34 12 -14
4 16 46 12 -66 34 12 -66 32 12 -68 47 12 -68
2 24 32 12 -8 32 12 -68
4 16 34 6 -8 32 12 -8 47 12 -8 46 6 -8
1 16 32 20 -40 0 1 0 -6 0 0 0 0 6 4-4ndis.dat
4 16 32 12 -8 32 14 -34 32 14 -46 32 12 -68
4 16 32 27 -68 32 12 -68 32 14 -46 32 26 -46
4 16 46 -6 -8 46 6 -8 47 12 -8 47 -12 -8
1 16 47 0 -38 0 1 0 -12 0 0 0 0 30 rect3.dat
1 16 47 0 -79 0 1 0 27 0 0 0 0 -11 rect3.dat
4 16 31 -29 -20 9.3 -29 -41.700001 9.3 -29 -60.299999 31 -29 -60
1 16 30 -20 0 0 -1 0 0 0 -5 5 0 0 1-4edge.dat
1 16 30 -20 0 0 -20 0 0 0 -5 5 0 0 1-4cyli.dat
3 16 30 -25 0 10 -25 0 30 -25 -9
1 16 30 20 0 0 -1 0 0 0 5 5 0 0 1-4edge.dat
1 16 30 20 0 0 -20 0 0 0 5 5 0 0 1-4cyli.dat
3 16 10 25 0 30 25 0 30 25 -9
1 16 20 0 5 10 0 0 0 0 20 0 -1 0 rect1.dat
2 24 32 -27 -12 32 -27 -68
4 16 32 -26 -34 32 -26 -46 32 -27 -68 32 -27 -12
2 24 28 22 1 28 -22 1
2 24 32 -12 -8 32 -27 -12
4 16 32 -12 -8 32 -14 -34 32 -26 -34 32 -27 -12
2 24 28 -22 1 28 -22 -10.6667
3 16 28 -12 -8 28 -22 -10.6667 28 -22 1
4 16 32 26 -34 32 14 -34 32 12 -8 32 27 -12
2 24 28 22 1 28 22 -10.6667
3 16 28 22 -10.6667 28 12 -8 28 22 1
1 16 30 0 -8 0 0 -2 -12 0 0 0 1 0 rect3.dat
4 16 28 12 -8 28 -12 -8 28 -22 1 28 22 1
2 24 32 27 -12 32 27 -68
4 16 32 27 -68 32 26 -46 32 26 -34 32 27 -12
1 16 10 0 3 0 1 0 -19.5 0 0 0 0 2 rect.dat
4 16 10 19.5 1 28 22 1 28 -22 1 10 -19.5 1
2 24 28 -12 -8 28 -22 -10.6667
4 16 28 -22 -10.6667 28 -12 -8 32 -12 -8 32 -27 -12
2 24 32 12 -8 32 27 -12
2 24 28 12 -8 28 22 -10.6667
4 16 32 12 -8 28 12 -8 28 22 -10.6667 32 27 -12
